1,-0.9197860935353941,-5.374659451942099,4.6264875117323205,-8.86601399982244,3.0394137907702126,-5.831003832894116,-2.6023251941695897,-6.986704949442617,6.098798832419909,-2.1500380407498385,-5.507285429264855,2.5365680803801047,-5.967037227284944,-0.4711829280782245,-7.07096458774374,0.9919505444062529,-4.53081189150903,-8.074090943422249,-2.9966730897689398,0.6286700102256326,1.0987925970104364,1.2762240891927246,-1.2831443281362944,-0.3774413021399267,-0.05183449382598237,1.1348248631961497,-0.546457951682827,2.747299234189041,0.663534179103923
1,-0.8844298395931098,-0.5625421462546352,-0.9885760293428542,0.5942721611400741,0.5987521644339487,-0.9049779952204429,0.49159509676920926,1.1711889638732638,0.019515131096308876,-0.12446628696141926,-0.13787893528809836,1.1485668442199573,-0.7966257277421086,-2.1471014246510793,0.6038734673769519,1.542764666711837,0.015368657472378134,-0.14035015712974802,0.9864463055749553,0.585794858123349,1.5958490912183472,0.8313615085696768,1.1517082496009292,1.889563676815475,-0.048032821488326306,-0.5772278540827277,1.4498901156692954,-0.8326195318345037,-0.538007099743768
1,-0.8819028887455373,0.5292503182909694,0.2466092650175027,0.49972299683792887,2.233135938009847,-0.4116099025863005,0.15175668947944113,-0.55760151720711,0.34443811402174507,0.306535578952066,-0.2605793664981081,0.8847923107248341,-0.15895299540686078,-1.9398798341941166,-2.4793122200556663,-1.977651040336265,1.067948452615891,1.8738249046077589,1.502635019474679,-0.8191331565470122,-0.2846728960128942,-0.06821793335296648,0.17053951607700507,-0.2122923350270144,0.5782760077477664,0.9739567436557893,0.39321985831230566,0.15116665259729467,0.19128928331128217
1,-0.8798602701437497,0.10521073036415224,0.8401592975887268,-0.6893885385696044,2.986642752249661,-1.1936648904859972,-0.13578112231688944,-2.3795149752232643,0.719349398039554,-1.075651342309125,-2.8438349653320394,3.135962692758997,-2.4527955599336404,0.31812381440635595,-6.6734934636705034,-2.3267724778439187,-2.7701789879693135,-5.237590883803535,-1.4462622110428096,0.04257222636461795,0.4559263291180572,0.6387813609695057,0.47530705258389006,-0.3263613991557374,0.6218820493281869,1.3725625266827972,0.4686657351445533,1.5572227895507413,0.9692056035249945
1,-0.87891266357591,0.6617837628069209,0.2527983114553811,0.1279226830861059,0.6368145980792528,0.09457120452265565,-0.2789482381378082,0.12782064475555507,-0.16968938759693183,-0.07237354220295962,-0.04140913506483887,-0.8589477228741805,0.6880383177823607,1.5821975687743066,-0.008127769287916175,1.0360545916951969,0.43041741140531364,-1.0221904793061733,-0.08009679735871875,-0.0792258852340496,-0.0383427713867039,-0.152634500958013,-0.3031582548390558,-0.1938027080014062,-0.7272473443571745,1.288259102883283,-0.8575196914465625,0.08135642915967274,0.06240920249128176
1,-0.8710159421772461,0.19661508256347598,0.7373682154882666,-1.288619387184295,1.474063124162561,-0.8290020812972317,-0.4330117286433522,-2.0878529984602183,0.5385603594535127,-1.084289085822012,-2.8425400261872245,2.7639010810433478,-3.1030292127412973,0.14689381738401852,-4.704936868284315,0.6276422830328063,-2.4233489475492678,-7.127123346235154,-0.84275524025107,0.703640707368206,0.4936224251070101,0.8095367404400313,0.5128062821637199,-0.49715944890215785,-1.0304123928771343,1.6118414582275016,-0.3306576409416473,1.4852208991599325,0.8752823558083292
1,-0.8666569519651837,-0.8880113055018651,0.8142167770740806,-0.3524341115410757,2.2567752154959306,-0.30153802423812964,-0.9472268019594036,-1.8923346242613137,0.5969800849048565,-1.2891189867728086,-2.7521469519303894,0.7323110685827284,-4.600293424084373,-1.9369165079573571,-4.962554380664595,-1.3632636091593213,-2.893569583127698,-6.306652772677072,-2.3560105488230296,-0.7416428648701927,0.0035664729926990157,0.5216722308085656,-0.29482173581766374,-0.5390901843723782,0.3914436799381739,0.47192348448170246,-0.09171554667798656,1.2653341291373277,0.6693825635666534
1,-0.8607817912445778,-1.04284278412276,0.9529296073615118,-1.564813695579163,-0.4044707582578519,-1.519551827176357,-0.13071095670421223,-2.456988806228763,-1.3683022965968161,-0.5414093478771906,-5.014109065075746,2.3302743631664553,-2.3321372070282775,-0.24740232359551786,-4.233829691595347,-0.3463106720217218,-2.8789237403449683,-6.59739274906288,-0.9287323137303968,1.056720523053381,1.0708790193715503,-0.9847567285644763,0.690673059780255,-1.1159932648176307,-0.9915259440502435,0.24468179257823527,-1.6300903489182847,1.5016094937947548,0.5201621165964954
1,-0.8318482040398735,-3.144754653536191,0.8894252230304339,-4.518303418976718,3.6547992156176456,-2.163895116454679,-1.3473663962683498,-5.290693465951141,2.19469533165859,-3.2821510423683398,-7.4594086274240325,5.90669755743095,-9.233245270851938,-1.554105692289749,-10.75464165190905,0.3365645639903409,-8.88709184810318,-15.096714912522513,-5.210938644611478,3.247981962280704,-0.37595107879416423,1.4449031274161606,0.17326363369088826,0.944164698534206,-0.9390478930421485,1.1180707132493934,-0.08830430209373996,2.3564304527766544,0.4816854414953028
1,-0.8254676531497531,-3.7514594315003627,1.45160364709253,-4.994126374252522,3.65699785766309,-2.068357217679585,-1.3475049780049488,-7.09990753144594,0.36602023379900855,-3.404783196790535,-7.652917745584507,5.646248622393351,-8.714854353502556,-1.7251049509974719,-9.990877377234737,0.15991117573824504,-8.657893416739851,-14.722014917278335,-5.22042816820609,3.0283495672561003,0.09490406645686413,-0.23862211992916424,0.7486906951072834,-0.8774873805400298,-0.8317097550767157,-0.5964826451125601,-0.3400603884281968,2.9677916533299973,1.1457331928457444
1,-0.825383421454834,-3.7922873256586183,1.7853806495260338,-5.723684730027431,3.6622838267489373,-3.449454516861893,-0.7183948549647581,-6.283593612463539,0.6005850795619349,-3.3517732999560352,-7.7174696471682855,5.589441271182123,-8.647667698999271,-1.6105388690941498,-9.875025120707654,0.15002952672841752,-8.334643634438788,-14.656208497045734,-5.169368682417297,2.8893326157678674,-0.15965914716082458,-0.408220277684114,0.841227191324841,1.2635297267172327,-0.9320823306885394,0.3859670875550406,-0.23064992792372713,2.835749184756714,0.3098603779818111
1,-0.8223931962852066,-3.0650151004146657,-2.380377807961757,-0.004646624388427487,1.211039091643455,2.4739581067221157,-1.7485831001055654,-1.5370825870969218,-2.299250000582678,0.8079818301798909,-0.04521555127164569,-0.1500238473855118,-0.8149621130073162,-1.90379581360105,-0.8673981591042091,1.5156417162089462,1.3568101889905153,0.6320438469605005,-0.061327562942072526,-1.5126859932451826,-5.354856753652109,1.4998464708903942,-1.367635820605004,-1.1181818269897714,0.2309891792985055,-0.3935541650109184,-0.979648752624853,4.398509028569862,-0.3159348574391986
1,-0.8041991501826852,-4.034028768418034,1.6474675276983755,-5.200938819590432,4.483710429656179,-3.9703978434989464,-0.24999403414028593,-7.0183789656936595,0.9749489614947091,-4.134646534363786,-7.116219242343125,5.159721660861545,-8.686631275828196,-1.171905883324086,-8.458195301373753,0.7662555701313216,-7.17637212715942,-16.192811465389475,-5.165079639960472,1.8478845344028987,-0.7973802948796307,0.10583614097507948,1.5053550552954669,0.5126559554138009,-0.7176511519582194,-0.7302968648934164,0.44300864157939424,1.0495217267272874,-0.31861269429475286
1,-0.8036516441657111,-4.473435211008807,1.6901960160043483,-5.066944754454036,4.937764960923349,-3.789688108173873,-0.26825514782468346,-7.829349755114929,1.4646743123369799,-4.092076684688719,-7.222778142260125,4.677275582707202,-8.252502893171304,-1.3398259100248322,-8.318695004556403,-0.43569613397249674,-8.267422905652543,-15.023618888431029,-5.756246286104815,3.485082097086904,-0.5971921160013216,-0.12324572789260181,0.48034930492783556,0.08188267560951612,-0.6859285279675935,0.42139822161859036,0.6843684306216804,-0.06999388161105165,-0.47342765988037394
1,-0.800366608063867,0.008591348382320462,1.4538952875135651,-2.7834152008514956,2.445300081515701,-0.4521968925446756,-0.9715026229883512,-2.413749097913062,0.6295325637083035,-1.4624323604899356,-5.4873832162719065,3.1986736671337077,-5.0991127736791615,0.3092696186860998,-10.450834044404974,0.2985669571429312,-4.065652533714115,-5.153564533297005,-2.1387365451645373,0.09862029452181854,0.765858416885216,0.38913924374426107,-1.0631222051967752,-0.4246871126068754,-1.4415634603657654,1.802834262414503,-0.4543194845865591,2.1665628469064075,1.42520114998928
1,-0.7986609162417555,-0.03853768347154199,1.097528220033827,-1.6929773078687476,2.9152111477824043,-1.1798864573329564,-0.6049045624238883,-2.7404074366021565,0.853478942108158,-2.2311887476183463,-3.2656857565900155,4.228141004892313,-5.484191029401031,-2.1255517383158,-5.8301908777003275,0.306023884099531,-4.002539485245263,-8.779915946671442,-2.7744712126534203,-0.5410484192405564,0.4392109790894789,1.0814811101331394,0.37270376953202883,-0.22999763781939586,0.022399082020412707,1.2166332674161138,0.44313892944571276,1.9166614048878468,1.1737484956377087
1,-0.7957128069195877,-1.1924562376580539,1.3476486924454056,-2.2288179146540186,1.5386612090575322,-2.5852406613379837,0.23780005607850954,-1.4024412151902896,1.2133281333349555,-1.8022748259374168,-5.245457131881609,1.7999360026860314,-4.543978484246096,0.7513981077904027,-6.555762438775094,-0.1408119613153922,-4.066458111738557,-8.67539389997805,-3.212877978337948,-0.5534748014331594,0.3554529881774145,1.0694565264527969,0.40982756919804625,0.4940853569181782,-0.9880619072442808,-0.23375344488811278,-1.0182324065654633,1.7382328774368354,0.6270136329429229
1,-0.7738125662406267,-0.13522730186774212,2.0505833710070824,-2.2786424732143495,3.084775524194109,2.417007193523213,-1.541669742991545,0.20765680930724162,-2.476019127918909,-2.599416378988125,-2.5792910668175963,1.810015846155531,-2.41675662409386,-2.585447288852442,-6.884172677360655,0.1348939577959106,2.9356551751667608,7.781807358920394,3.0192627917935395,-4.425656428981239,0.6258894881291289,-1.898516882420055,-0.22878495413675082,-2.3253419678879985,-0.41577863770501206,2.3854115415302544,0.9389510735740328,0.3275710200004652,1.2863427414354125
1,-0.7705485880625123,-0.6753429413979121,0.9403275417907644,-1.501676626402707,2.1132771057305546,-1.4106661442418928,-0.3605040274919619,-1.101282810743998,0.798125828606199,-2.1204850765075167,-3.116646158756331,3.0649605711568335,-3.5732536366566086,-0.5980253666543072,-4.160693007498206,1.0880478197462278,-3.2453982086346613,-5.6823784046946395,-0.8397812925082798,2.64387132342824,1.2822196586660106,0.8372361751929299,-0.2689811771211802,0.9459565370422082,-0.3853367513779095,-0.315159191390065,-0.575451706505469,1.0618838734257818,0.7464606827946532
1,-0.75791383382465,-2.2383407301003264,1.9770202747541543,-2.0294498012191022,2.4038951298949596,-1.4041537900942203,-0.9165427597813385,-2.6758867925712333,-0.9310288104998126,-1.8000536956657085,-3.0198925898214624,2.827529839419105,-6.854464005121411,-1.0341234268632014,-7.782339072388665,0.06107848552982052,-4.946963484122276,-11.626217848185135,-4.225733810085083,-0.6529892470318258,-0.1835892112912762,2.826846128433412,-1.3646167785034828,-0.5290312844820262,0.26150197415501486,0.012184394009085605,-1.0241252910864371,-3.809542336347392,-3.0114348222304916
1,-0.7539338862397236,-1.1879978761393775,-2.0277522023464742,-2.317165725395577,2.242485877958945,-2.03959328947665,-0.15264396760696866,-0.7211628917644896,0.27900153036669983,-0.7300047439271942,-3.9956779058817586,3.0020692766890646,-2.7209083513102064,0.06911444241916721,-5.828195819205221,-1.0554586191715598,-2.855401500107516,-5.251745924762377,-1.0385969721230048,0.7316959648905575,4.16276093556211,1.6699938031693764,-0.9589386775145763,-2.367633004934033,-0.10163131479467073,0.4530315777535784,1.10303142561231,0.7490102727264195,1.6249726890796536
1,-0.7460582227647894,-3.893885649377045,-4.224790170602514,-1.370425681420264,2.4131901920377956,3.2304124474680185,-3.8133505690397684,-5.318077328473972,1.4738897527287955,-0.5456874842065493,-3.675207763071115,2.5587666243708007,-2.21246183140804,0.14601350196428614,-5.5098180521115365,-1.5800333831136386,-2.6729525319450915,-5.23006712795901,-0.9690129756622757,0.3129724875853265,3.729630325416601,1.6674705108624739,-0.9048351772190919,-0.5297555531169758,-0.1303500967783376,0.5185455031016353,0.8940184916405702,2.034977062637568,-3.199464325070892
1,-0.7378035166627195,-4.21562413979703,-2.9155478579596505,-3.5385316396169655,0.8505252533098943,-2.4252373801737854,-0.9994991433304691,-1.5907416029421388,1.0846376213041824,-1.524093642263418,-3.146493093997972,0.14162937082001803,-4.286960441737611,-0.24203928639332284,-3.8154742018836942,1.0085111335392327,0.9634462421574157,-4.648706565243717,-2.1564906570822178,0.1300660261959574,-1.6006607435617253,0.5941139636780727,-0.10686604959903699,-4.950882875269917,-0.6442722031397111,-0.5538108439067663,-0.7050721028848537,0.09865205340587378,-3.053478285972113
1,-0.7256741525943718,-2.0295256905831276,0.35218995359579847,-1.2401445681351773,3.0506001327668586,-2.1911553891771414,0.9313381930518274,-1.5435875519039455,0.5532022533206878,-2.5054933537746993,-3.2606808990951106,4.740776840084392,-6.045073642253595,-0.3762391607825009,-6.49069973771521,1.0474635150609144,-5.79016812928034,-12.293148907257647,-4.480598651418682,0.744992453219408,-0.85159070678712,0.7882455860729901,1.9254654379576075,1.6739635696403603,-0.5019431598264452,0.01015766602450906,0.4882257743592704,2.383397021742324,-2.04057172473708
1,-0.7097754201783953,-1.4070648194368114,0.41410950436815247,-0.9168453317572144,1.060755160524072,-0.8444985765183194,-0.09848384507544954,-1.1953365652201158,-0.2067412495785707,-0.0914982451296332,-2.113343832779042,1.8756078877516542,-3.834066662630475,0.7229061178587163,-6.6274359453833736,1.571827325144765,-3.7628918668339866,-5.725618537905742,-2.388945775089917,1.8982298558417967,-0.13872273421815687,0.43630219291430694,0.841982147500582,0.28002419421701163,-0.8291165091994898,-0.33516294072476754,2.445412889057387,-2.889552725430297,2.487906337567945
1,-0.6984462572117789,-0.7772044944541543,0.9114920762181231,0.2455820447429425,1.6151729146258549,-0.38146778816296484,0.7495432823509893,-0.8791234154958836,-0.022814404925210016,-0.48515075451047496,0.15573598944997635,2.733776500948423,-2.3188077838978565,-0.786248791752836,-3.5799704769562326,-0.5765251351067301,-3.7586905787565517,-4.593589518171205,-3.013023856622116,0.9767887659421773,0.5354623758464252,0.4522884921392426,0.6806954246298943,-0.1284283948091892,-0.4182762469778798,-0.9165943254152848,2.05658619655249,-2.359957741973883,-1.1826248879629548
1,-0.6897493347113838,-0.8395412806512287,1.8953801044111498,-1.6995698856792067,2.412356217272446,-0.3249608810365487,-0.9321639162288575,-1.6099474504477027,0.8395061858578589,-2.5568852413034615,-3.814759235331992,1.3698145661067866,-5.657798003889859,-1.2395541519162958,-6.606043108695375,0.5011554475882243,-2.2637449972621657,-5.803550660571991,-1.2389804156288295,-0.16438916092345227,0.3764144754279655,0.568753120004277,-0.8937241498448291,-0.5102293212006428,-1.1234498811199085,0.747910535056287,0.11561026806865388,0.9778267440267153,0.9052905217788361
1,-0.6893071183130586,-0.8165944944685649,1.5791867369682269,-1.9701159605503957,2.1641567448061134,-1.809762443602605,-0.40615138084841734,-1.8412432412963355,1.0618037030374015,-1.8180194984482616,-3.521864945944607,1.0907630421036008,-4.980907583407937,-0.7993096849226489,-4.746072981556868,1.9815740304268492,-3.6261975514673743,-6.3218225536610175,-1.3379717928424282,2.4944649570654467,0.2922895466420052,0.9025357789400126,0.2536678871639363,-0.14324683386258455,-0.8354714326794898,-0.11943529062089832,-0.10931470941098889,0.7998725965000454,0.4097992503887106
1,-0.684042637380616,0.5824624411925567,0.739607115627215,-0.9582543874872987,1.460289976053301,0.619268665319412,-0.7365049334945916,0.2632900905519503,-0.031583188701590915,0.10305503679641702,-1.9534159363361907,0.8973615620444858,-0.4689468665433552,-0.5258633215399923,-5.07187291405415,0.459965834371131,0.9888037555310664,4.806680675936284,1.4272896776730786,-1.3522245084580524,-0.08783235448042108,-0.5140713588240259,-1.0933710165508697,-0.21191644177070013,-0.5474918788757747,1.275478600651836,-0.6414260683261308,0.24760673156477456,0.37259849619377555
1,-0.6838110002195885,-2.689426801675332,1.518022367912104,-3.489475113497075,3.450986103290616,-2.422171484039324,-0.8257234017991324,-4.696911692988924,1.445424030049123,-0.6820103679473475,-4.4403154927104715,3.4740601707283827,-7.75749430225662,-1.201373458658569,-10.451247550640584,0.3238189201444496,-8.533124354117508,-11.521712474707147,-5.063356070432944,3.293609453163894,-0.3710396765994264,1.040492824787568,0.6521448219555729,0.8783307599048602,-0.2589797516061365,-1.3623979820497287,-0.7598564795181438,-3.6834708527911957,2.053013187502325
1,-0.6811577018296375,-2.7286905643511634,-0.17305118703601063,-2.5296684940305614,3.7694581904574274,-5.51345051024672,2.908323136195892,1.0424693736443722,0.16891345140092182,-2.7338885690097867,-3.664930153211293,4.884842675258821,-6.1212824811180875,0.04252544595229759,-6.304435032913565,1.9899184612624659,-5.4156406978913685,-11.862973735932643,-4.300530488327422,1.7631755773467022,-2.0263515256028932,0.3757689351725604,1.8493096695924167,-1.6279345324339174,-0.11782674507864409,-0.6443200728233976,0.9146002570660061,3.7673262411298745,-3.3807795894615156
1,-0.6402000401752344,-0.6882355127347167,1.5277732678552887,-0.5160303711050774,2.883780240806885,-0.47982833503775335,-0.4494406343668556,-1.5710656543148038,-0.2759481965091753,-1.6868954561492724,-2.904111849691025,1.50208382567484,-4.638839711106711,-1.1188621741418345,-6.713865534891658,-0.32031829328861694,-3.2524124481276293,-4.302490565081469,-1.4114409357458428,1.0216018886128262,0.4525691685834583,1.4701674592526055,-0.48508511976229923,-0.3496748114835185,0.2078205470458566,-0.14230467395841226,0.37143468958388715,1.5176699157694222,0.7095376415518638
1,-0.6365570193699841,0.5516095273220408,0.5830723482628918,-0.18338997389678813,1.9375547472878083,0.29876165576174546,-0.24077600916277037,0.03337631162505653,0.14750297712259858,-0.8801429141730331,-0.17828061636007664,2.0966329560566326,-0.2765300776468719,-1.1969644072940169,-1.9614931282536596,0.4351203851811784,1.5605488356290216,1.7927680750525703,1.2244672094888136,-1.9373400286415312,-0.2239633454726886,-0.012247645699878445,-0.07859462737916866,-0.08598081232642912,-0.04354569596935672,0.7679211089258001,0.15102409604799122,0.06699902043373772,0.1915810057630628
1,-0.63234543462403,-4.464414524181072,-2.071371778227749,-3.19905506059328,4.666292833564913,-2.0290220723116645,0.07919692147667237,-2.6431363350638106,0.7873548695577743,-2.3289826675459824,-3.3290001915059997,5.1609715061282095,-5.588169499277979,0.17472159173291688,-6.968515611790859,2.277030856724922,-4.963063908775159,-10.314870006131603,-4.065439328431895,1.6374276271112662,-2.3586192668169863,0.14010805977383106,0.42941433002096124,-6.612434414255724,0.05719303341404431,-2.1747188021442874,0.5646007310288328,4.561849019457321,-5.442159404686397
1,-0.6202792443268716,0.6095475175841479,-0.34583845576470584,0.4897089965998438,-0.010303009877573547,-0.45250025170232716,0.6246199645335755,-0.6736368927534726,0.22848981820085068,1.0644395547888903,-0.3413442418573259,-0.2406917987185562,1.377043487361572,0.8745914774894934,-0.8547095287817974,-1.6943943567799098,0.14362659268465588,-0.4677133064489518,0.32496453671260306,1.5060974842233412,0.08160098266567961,-0.0673940043098036,0.28560702668205745,-0.42480257731223164,-1.1216020002615426,0.9818414682752615,2.585103263965827,-0.07103282015905124,-0.018516595633489098
1,-0.6124878125468567,0.626752028706965,-0.4051180844379059,-0.17924775339884466,-0.41631037433571194,-0.43817967556339127,-0.262923653259342,-0.39315165417648024,-0.009049793864882956,-0.723577582946405,0.24295841512920702,0.8633862541602456,-0.32496385035890385,-0.2645142963629628,-1.1607995902891117,-0.5908893168954186,1.7499673464943184,0.9789329889675642,-0.5647350785752996,1.461995259143672,0.35515735223878697,-0.03547163536385272,-0.40685496982656566,-0.28898368422090365,-0.7207818756602129,0.9489175847101561,-0.5883925149123871,-0.0027953166248253975,0.10625974321857215
1,-0.6081077644110645,-1.834630116878118,0.47322689695243275,-1.2019420924941462,0.42783755332728207,-0.8655394249865245,-0.38820610059944444,-1.3923975920725025,0.1079159683518059,0.013619968419772425,-2.623063286291178,1.5854254991208263,-3.584243202838756,0.6266695107773508,-6.426555017708102,0.540506515100099,-2.9022552066052865,-6.241671209494987,-2.6160567796801795,-0.11636271037396927,-0.6203199241575349,0.4789397440462864,0.539132969368186,-0.40495022066835695,-0.8223326438070265,0.019513982183558227,1.8869335271204961,-3.6636540927137617,2.1893697337227205
1,-0.6059809141143577,0.14617015357767144,0.8474171467029175,-1.1096455786599202,2.729337942919313,-0.8588141915791158,-0.2565038124550659,-2.052702062703728,0.6433439582550996,-1.4089196560097188,-2.4426901675316115,2.5683935223246466,-3.4651352568245026,-1.059308070404198,-5.1698880596223855,-1.5298289320147107,-2.670401500591897,-6.1198360754498715,-1.6020698750539812,0.3548317526432226,0.35069639847948775,0.4798441242058113,-0.33578276961136094,-0.3107945991539633,-0.28432629979324947,1.4238820747652687,0.26499971556529894,1.4115112080413341,0.882220947517167
1,-0.5825434450031234,-0.93138416841594,0.2442470413737608,-1.3151649956293632,1.9469059852883277,-2.2742816622604742,0.3063833888294431,-0.9773288319227752,0.9173471885561465,-1.3172994372606883,-3.628608788663569,2.5087410737145213,-3.414715929319313,-0.7853825293299533,-4.937197488006698,-0.4741252324804327,-3.772990952118988,-4.981566782261198,-0.8957675963365694,3.305502691108158,1.950502183859564,1.1419121460070365,0.4708928771056984,1.5173232972542268,-0.24022779206895006,0.09462484978501258,1.7233935216453056,0.8235756329624326,0.7656043178717257
1,-0.5736780591128902,-0.3872321484133264,-0.027499619839121896,-0.11108856048958458,-0.9275416823797449,-1.3778448616394992,0.5550182081566976,2.4831568475120336,-0.40475733079048404,0.5627032502712592,-1.6247079098214496,-0.6381961823633436,-0.0054276348880532635,-0.5196510004172576,0.2268632772885093,0.9653063689954485,-1.3397727146345089,0.28651467972052014,-0.40838826643267134,0.8440088766200107,-0.042157090370816025,0.05802333281072981,0.5473661640303852,0.1156662685532977,-0.4000290512546663,1.0760426844266904,-1.1217860450328012,0.37312831016903886,-0.3548811259688473
1,-0.5676554929261758,-0.888007639745523,-0.7900745850860573,0.20715740930858284,0.03795564189695717,-0.04252558747342426,0.05348737426918932,0.5616899754617852,-0.26229306605098984,-0.5910789066062386,0.4753353538672692,-1.329031863846899,-0.23857360974940706,0.06990951752590333,-0.4503367285729828,-0.7371498643882256,-1.887770910573912,-0.06353272256171297,0.6212855345730023,-1.9096893516406146,-1.8990133241118887,-0.9055840700914494,-0.8709904632723621,-0.6744648811358729,-0.6617303669846127,-0.0031466982142971953,-1.0268258901889336,0.0783699915859085,0.20079722726689891
1,-0.5602852196207563,-6.735448195191551,7.742945954495615,-6.533642018663796,2.3450924547450858,-3.478497172113207,4.323495955672289,-15.15723798444369,-31.27510146402221,-0.3563890360918527,-4.640228062445468,4.317387101403372,-4.6144497198142576,-1.9185579854969594,-9.464602962192536,-0.24699103361061822,-7.088785071534302,-7.3565096705479025,-3.7572674905960453,0.06335828380167231,-4.530993202656239,37.03471415749989,-12.246125993464728,8.493119982303996,-1.0557896815697976,0.5049197355604662,-0.22577980519410717,3.145357720380586,2.845975891425592
1,-0.5602852196207563,-6.735448195191551,7.742945954495615,-6.533642018663796,2.3450924547450858,-3.478497172113207,4.323495955672289,-15.15723798444369,-31.27510146402221,-0.3563890360918527,-4.640228062445468,4.317387101403372,-4.6144497198142576,-1.9185579854969594,-9.464602962192536,-0.24699103361061822,-7.088785071534302,-7.3565096705479025,-3.7572674905960453,0.06335828380167231,-4.530993202656239,37.03471415749989,-12.246125993464728,8.493119982303996,-1.0557896815697976,0.5049197355604662,-0.22577980519410717,3.145357720380586,2.845975891425592
1,-0.5602852196207563,-6.735448195191551,7.742945954495615,-6.533642018663796,2.3450924547450858,-3.478497172113207,4.323495955672289,-15.15723798444369,-31.27510146402221,-0.3563890360918527,-4.640228062445468,4.317387101403372,-4.6144497198142576,-1.9185579854969594,-9.464602962192536,-0.24699103361061822,-7.088785071534302,-7.3565096705479025,-3.7572674905960453,0.06335828380167231,-4.530993202656239,37.03471415749989,-12.246125993464728,8.493119982303996,-1.0557896815697976,0.5049197355604662,-0.22577980519410717,3.145357720380586,2.845975891425592
1,-0.5602852196207563,-6.735448195191551,7.742945954495615,-6.533642018663796,2.3450924547450858,-3.478497172113207,4.323495955672289,-15.15723798444369,-31.27510146402221,-0.3563890360918527,-4.640228062445468,4.317387101403372,-4.6144497198142576,-1.9185579854969594,-9.464602962192536,-0.24699103361061822,-7.088785071534302,-7.3565096705479025,-3.7572674905960453,0.06335828380167231,-4.530993202656239,37.03471415749989,-12.246125993464728,8.493119982303996,-1.0557896815697976,0.5049197355604662,-0.22577980519410717,3.145357720380586,2.845975891425592
1,-0.5602852196207563,-6.735448195191551,7.742945954495615,-6.533642018663796,2.3450924547450858,-3.478497172113207,4.323495955672289,-15.15723798444369,-31.27510146402221,-0.3563890360918527,-4.640228062445468,4.317387101403372,-4.6144497198142576,-1.9185579854969594,-9.464602962192536,-0.24699103361061822,-7.088785071534302,-7.3565096705479025,-3.7572674905960453,0.06335828380167231,-4.530993202656239,37.03471415749989,-12.246125993464728,8.493119982303996,-1.0557896815697976,0.5049197355604662,-0.22577980519410717,3.145357720380586,2.845975891425592
1,-0.5602852196207563,-6.735448195191551,7.742945954495615,-6.533642018663796,2.3450924547450858,-3.478497172113207,4.323495955672289,-15.15723798444369,-31.27510146402221,-0.3563890360918527,-4.640228062445468,4.317387101403372,-4.6144497198142576,-1.9185579854969594,-9.464602962192536,-0.24699103361061822,-7.088785071534302,-7.3565096705479025,-3.7572674905960453,0.06335828380167231,-4.530993202656239,37.03471415749989,-12.246125993464728,8.493119982303996,-1.0557896815697976,0.5049197355604662,-0.22577980519410717,3.145357720380586,2.845975891425592
1,-0.5571265310612907,0.6292996754918628,-0.3324225124678226,0.7174746827876679,0.6314734329405859,-1.0382617683890851,-0.26781168735076455,-0.579983162008772,0.0026512571300938716,-0.09138355776227329,0.49886423901038573,-1.0183262728255846,0.2854901049380551,-0.20698509333194673,-0.5200552194172315,-1.1625605860133204,-2.4605229372455706,0.6649445950767117,0.9996205106363507,-0.8955218314751551,-0.747511177489993,-0.6108327236647737,-0.7131979656575317,0.020551118931729184,1.1544973841760475,1.0114734073051925,-0.6689941884999592,0.2001959215548234,0.10732820489554276
1,-0.535289464153519,0.5822411648705591,0.68687646158289,-0.9427551733491695,1.4211979539365895,0.45122460807878817,-0.8653832690113922,0.17877375351032965,0.03129044930862534,0.03138993195737229,-1.7262685640010045,2.1471940380073593,-0.48824050324779944,-1.765483452672042,-4.653744484996147,-0.4401593633664888,1.6101739644601403,4.261273598765112,2.726074479413409,-0.5454273724405795,-0.1293407914197048,-0.4998293300752136,-1.2286437493648692,-0.25714741167613614,-0.17886019421144442,1.282186097279761,-0.7307634203656057,0.1783624870686249,0.34441179543712586
1,-0.5177060978391608,0.16114922125473635,0.9912022841145705,-1.0022407481699716,2.8453050956152626,-0.8598436217625596,-0.5928331647396579,-1.8428770550685887,0.3960209382127668,-1.5088198579673373,-2.6587648500460563,1.5694795224195888,-2.8272084224300364,1.2752323181809497,-5.8328803509594325,-1.0650190602507723,-3.1244408345020687,-5.841665503692168,-2.6543360313781,-0.16721220700112457,0.5044401455818229,0.47094628732336663,-0.14882396570039236,-0.26493635133831545,0.46214220502706915,1.5515414097754707,0.2433767412072302,1.460724657404993,0.936323194560329
1,-0.5112413152541213,-1.1598322316000953,-0.27714708799730425,-1.7075354574958161,1.5755573805871232,-3.1001631152090163,0.2916904560658035,0.0828438830564447,0.6808115622808018,-0.9948032357103399,-4.62142471779257,3.439119152724932,-2.2291825647209587,0.6599438237225612,-5.423762439498535,-0.14018246510617677,-4.5004449955274834,-4.498248336568327,-0.6810287497116145,3.4192258143677225,2.9649600697266383,1.4925910015118424,0.9072597419274832,2.7410529566244475,0.5507178019629044,1.0332149952671266,-0.4013231253445932,0.639677323657211,0.749112950889167
1,-0.46306078576040693,-0.5674679966104562,-0.15598275361477107,1.4840601201799848,0.8141101139416985,0.31364336811194843,0.9413461264523473,-0.4722066434538248,-0.5104711298728015,0.9235159375898359,0.30723560035389047,0.8096068853287324,0.19704460802538645,-1.894951915782548,-0.4924145909512871,-0.6316314839114584,-1.4185508557128195,0.6716542269516044,-0.18976564067631713,0.5002063679584352,-0.6623400095607933,1.174793863969007,1.2785237272623402,-0.549368295426601,-0.42313204164368673,-1.152442917633729,-0.373955832591632,0.06630356424687742,-1.085592604075671
1,-0.4349484575811637,-0.7907255503741891,1.0953138306229155,-0.6288590669360474,1.56306123173161,-1.4604137657228782,-0.6856400736949155,-1.9044776585970418,1.0023595756945918,-1.5276970512477006,-3.249903298548987,3.039145468804821,-3.99657176921911,-1.9466132709070978,-3.988022449192188,0.9078521068154111,-2.8249415609871282,-6.136414552524304,-0.49377732277099756,1.1464586861336814,0.5069061675490114,1.1642094034285781,1.067582355946427,0.0945412479659783,0.5666673358902199,-0.8995942441629041,-0.5771938690635177,1.5507257761662123,1.1984069344549517
1,-0.43277949143699734,-1.1489986121238,1.432657142581463,-1.9492079879379618,0.0634174362916978,-2.0509010936828997,-0.6338523204619978,-0.14070226093964963,-0.34088656015088964,0.15857592468890458,-2.7542197430258883,2.552307140252637,-3.6806624863503274,-0.9658205695183713,-4.829449529999206,2.121873754898027,-4.770753150761393,-5.4226934750242535,-3.0508962160086486,1.952709958594377,-0.6311093559450367,0.34928751637623356,-0.6424763112955693,0.4661712531690583,0.4005087971651552,-2.453768975409473,-2.329890857894228,-1.5632478260417058,0.9901737327894431
1,-0.41654383224134445,-0.21970280444401463,0.5968808229778315,0.4259115840199941,0.22398378598761434,0.44653848698154497,-1.0114043854485655,0.871587617617264,-0.13523519782646568,-0.4486094523022345,-0.9548052957646609,-0.3875804523970911,-0.665216345872652,-0.9903825471497184,-0.6895178522520357,0.37594208187801714,0.6058221016579122,0.327481709445519,0.42417159663039483,-1.3282203506158206,-0.14953741815944946,-0.02229749655227468,-0.2860809925495726,-0.2628181728552947,0.42150061293239927,0.8724683463535684,-1.0472932635899375,-0.09775238257099912,-0.019260574786633716
1,-0.40553053813067463,-0.3748945817513883,0.26374240539156096,-0.35011688452736894,-0.33274305423296036,0.4660148797747113,0.5358020813746225,-0.9979634851685307,-2.1362329946367367,-1.8729904746105912,0.153217648626578,0.5560357667420049,-0.8587472268143957,-0.4501962404072151,-0.2763800510185364,0.9711012244396972,0.9564842524464546,1.6778523124049363,-0.2024210166440471,3.0735961892927883,1.1214289463714595,-1.3680684674663175,1.5851634750619539,-0.24429984035714022,-2.2896950079466114,0.009047039140635782,0.4544461776742315,-0.14433280425597986,0.47881332779762525
1,-0.4050040900374304,-1.4634067892233331,1.4212689141199046,-2.673240180919337,2.8133726137124615,-2.509110659550508,-0.9614824450472089,-3.6171650204930166,1.0186749812365634,-2.1024624854520915,-5.065452490089467,2.9865371592293495,-7.133960538253947,0.005984090817167076,-7.81893887968745,-0.27431887954933015,-8.636808271332109,-14.391994450838192,-5.8402800410258005,3.101776754104411,0.35024628773865835,1.4291342211169114,0.65569807855359,0.6477285622492118,0.4656677127949258,-0.9724214660861871,-0.770885361979117,1.5243025578633274,2.433217127737333
1,-0.39664409431671155,-2.6245689263623353,2.161169356139275,-3.888696682645423,2.941464564818877,-2.964107591067521,-1.4936628134101109,-4.423631027100239,2.028567025459558,-2.6485120862473224,-5.774730903357702,3.6291480117291925,-7.27337088286558,0.3308339613234481,-8.824356909875144,1.4798054023286753,-6.820213159871924,-12.452104039862167,-4.205759356460735,2.1350031779558516,0.4137831169181367,1.5399527383290808,0.1626312024754958,-0.5327877391940447,0.23106027752152564,0.6230042753241158,-0.3748637939216553,0.4405262145379323,2.0042110242929563
1,-0.3840725138500387,-2.8705219456139046,2.107800645233143,-4.0894753577603415,3.0449445049984747,-3.7864936540610676,-1.0071268068021946,-4.220335563468819,2.246277663014834,-2.659206425693584,-6.025871647551812,3.1461041731509334,-6.867156743805362,0.328012519440023,-8.090238665745305,0.5513430030646257,-7.163032379247423,-12.49413663981378,-4.947385738195338,2.699241092645263,-0.20272891917849398,1.2927700587520727,-0.5911334993101008,-0.561566713735556,0.326179818014194,0.305469418449657,-0.7834308611234967,-0.529100515551303,1.3921630530493554
1,-0.3781341793582435,0.5821271241769636,0.7003131475957292,-0.970536318663425,1.4664369888321604,0.561356458871188,-0.7524997875013777,0.21417004738850987,0.011020430941684698,0.22649600226625688,-1.9292562366429877,0.7477186633167916,-0.9456733625537285,-1.4257748464675288,-4.885926727929355,0.5673267006191864,1.0367505674515198,4.866941645038876,1.558391664442399,-1.3447959839230184,-0.1622693178747199,-0.5280911909753817,-1.194448937709893,-0.19470069467414652,-0.587981401121912,1.21734245249884,-0.635201995591047,0.23310061571765273,0.3667709156078186
1,-0.37792360012094584,0.5526984499055335,0.6630277639647274,-0.9015781930424012,1.4214298307400717,0.5130555815750718,-0.6062681374304895,0.12283013678113347,0.13258460590915538,0.008985994179255805,-1.7681791969436256,2.553059995940425,-0.30946655951716123,-1.7759447247749693,-4.620511830539756,-0.18784779715139396,1.2045789574285075,4.674933048002053,2.102483517701,-1.082026813594268,-0.1761385845020049,-0.44285051229247935,-1.011910331917954,-0.1709084331859916,-0.3715025985408449,1.0918708432319841,-0.6947624836986749,0.2208451957944371,0.3403305451086029
1,-0.37773407880737786,-0.6628703034937977,0.6538287672638643,-0.11916085847325372,0.90957689684543,1.346336633858627,-1.6691039256669846,0.42451752138137794,-0.08111043304014019,-0.15373087341577088,-2.336791508542095,0.6926538568636331,-0.836365312359999,-1.0269723459763236,-5.209705216556512,-0.49786919212652214,1.5011276625460754,4.284760541822512,1.9368587730222488,-1.8909888790007834,-0.24330812578437694,-0.45333254140708057,-1.1730330599370002,-0.5937934764619743,0.4924356555333589,0.8497013011798823,-1.0842058906447265,2.597825809680505E-4,0.4111041031911184
1,-0.3715219913070957,0.571074689702611,0.7823253307755282,-0.8565891633431219,1.5084560023570288,0.559468850196216,-0.8611561601201264,0.3157225811767355,-0.08964896830296805,-0.03489733854417095,-1.9768775620130958,1.3253039079325941,0.09292296238003195,0.27445016244205755,-5.228702384145576,0.33163731912769395,0.8347345461257212,4.888627895174017,1.1756000792074748,-1.5100679576325573,-0.03058122501540609,-0.47156305428022155,-0.9144105338175166,-0.16386308131836014,0.029572679234094387,1.2475160417906952,-0.689231842888111,0.2624884368548229,0.3881564668417811
1,-0.37086919567147275,-0.18192042835208733,0.8691940850749611,-0.5365623796595662,1.407701753640128,1.4895026365200084,-0.4080097694679456,0.39422394837366886,0.07154414348370872,-0.4882006860083232,-2.0491470137455625,0.2684241738594691,-0.5362685974365725,0.5985066722109512,-5.363922450110659,0.8001259026391075,0.7120249016486472,4.816686570864565,1.9495744191984985,0.3204358850790737,0.39337441517925475,-0.42594045245785683,-0.9478758796237684,-0.42757398546938247,-1.9128006368711756,0.5207593712871039,-0.3222495934869577,0.2832492888233666,0.30757625028260166
1,-0.3619195780863204,-3.6448092588273395,1.6793266301373797,-4.456939571553067,3.14044951553222,-3.9590296745555906,-1.2860779401364593,-5.242430163993065,2.854600827318873,-2.779363632483664,-5.749844197874897,2.345587646738072,-6.16847440841744,0.6057140443881155,-5.8485102642648386,0.2257385360574039,-7.446586012978772,-13.432108477342444,-5.600237663287795,2.9866803403880837,-0.8002728726794118,1.7742818089339452,-0.022210480921764787,-1.4038865780600338,0.6311109092876657,-2.023153857459083,-1.2745182228135798,-1.8998704707295588,1.2403678324461704
