1,0.724563996751176,0.6013316907061513,1.5061435472513929,-3.5156471046188114,3.7606288303653175,0.8333620717452431,-0.9621501175751653,-0.9473788072893029,0.3464461195996673,-2.4210514601908995,-2.72921072069685,3.5461522127469003,-4.481631003879635,-2.04384680695442,-8.107914232084584,-1.3126557861307668,-0.581872903085232,-1.5357531652492928,0.5917614932532907,-1.6704897102154652,0.20242891061619808,0.35713682875551245,-0.5949979773307748,-0.1474685060562801,0.23977025670382743,0.8782053947894694,0.3478431470715993,1.1179559111120136,0.813193851622656
1,0.7277016273869118,0.6044498004412153,1.8514139093219617,-4.063965580714436,3.9156051019081364,1.171561698931768,-1.3871120500755112,-0.8128001531335549,0.2846205004358713,-2.694087954984648,-3.5374287153884274,4.421774838852206,-4.8622031794711456,-1.7741213823981137,-10.43845901115593,-0.48004752748900553,0.6560615938660048,0.22190234177754678,1.9676368729295608,-2.207189671585469,0.3276214923824787,0.14864735591831718,-1.2829977345475783,-0.1027689887916047,-0.011578579022397827,0.6626407374019625,0.1338744195842691,1.1808520902154984,0.9807851050317256
1,0.7354930591669268,-0.7128247147070917,1.5857659967704647,-3.9813757242315306,2.509032271255073,0.7463108511401589,-2.2145368722097194,-1.2355640922066384,0.15851205517439818,-1.3048562990087849,-5.114711367513341,3.211041644691046,-5.901660043149885,-1.2831679582361977,-11.706526026165074,0.35619103593967905,-2.850028262847997,-1.8700919957274311,0.14351347885234167,0.20901193240048516,0.0412421581835568,0.19492497202914907,-0.5376543679796219,0.5701404730621521,-1.258741151157457,0.18514208745576755,-1.0116858623685334,0.15522717715716153,-0.729309231953847
1,0.7359773914127115,-1.2426679122709137,1.9535733020724115,-4.350385118812488,2.5377827404954516,-0.7820731712311447,-1.3058481683681036,-0.038331922134803444,0.25237516013116057,-1.619683913026511,-5.360209607637811,3.183496989767797,-5.966262846239094,-1.1606627818238509,-11.477528425667192,0.642715094370346,-2.6999119221572547,-1.5917152565114225,0.22608470315980686,0.6437129891323147,-0.36389240178051974,-0.04831807777708742,-0.5776181280781703,0.2521156727007163,-1.1803089080846003,0.8994434767563172,-0.7227362226986069,1.0406427197725676,-0.9926079485346303
1,0.7369039400568214,0.7770898032015751,-0.31455682575920724,-1.7026749481643317,0.5471852539537607,0.14977183316599113,-1.074122707703653,0.6119282771086368,-0.3721000831963913,0.908332085889942,-1.3128465273687677,-0.3678476100711021,0.1792383203064107,-0.1491536779440923,-2.2273820031839593,-0.04907132847398965,-0.06314712432646993,2.094221247647497,0.8015422127189691,-0.0024828757696651383,0.46848857498586344,0.02675125805581588,-0.29168830249483435,-0.396265959891331,-0.4614442836348988,0.45972880308247854,-1.054273239441251,-0.038528898603748626,0.12687942742118655
1,0.762510375312222,0.23982812504386666,-0.7494405699097699,-1.1655979453114516,3.413804571345757,-0.19468622802023156,-0.38487718617725114,0.9216366561892061,-0.28573933039141897,-0.9524142169142114,0.07867172116848423,-1.1872146667888998E-4,-0.054424402296609935,0.7396884933789991,-2.4062793635211093,-0.5069333139041168,1.9089531805358912,1.3725276304987954,0.6696965226457914,-2.8263971052510426,1.6568631646479102,0.4137452837531941,-0.8916563273802655,-0.5973386999412968,0.430616459507984,-0.9525957672091461,-0.5100775928793027,-0.2919930310723025,0.43859974255532824
1,0.7848738903132381,-0.18452506629425325,0.6864095061600717,-1.959674096010982,-0.1999288830232267,0.26912017669764704,-0.4313543808429285,3.258864587966841,-0.7823478967740415,-0.699284171987741,-2.0646733756386433,-0.47262082273257827,-0.6911034990837711,0.18213595602393032,-2.4750331997356567,-0.007503483066962608,0.16707428618513986,2.071400575562852,1.2921404872140527,-0.480379573932328,-0.03354628149297002,0.15086617972697114,0.7769882735837287,-0.65406364400722,-1.4531242770212247,2.701810943319016,-0.2849334458210646,-0.0030964287622212232,-0.5536518739012952
1,0.8079954905685257,-0.6191282113363956,-1.5047629035671728,-4.219077281883198,2.5924502858123937,-0.6255233614519967,-1.3930032731366762,0.8226809741525989,-0.45606682097253576,-1.5504562966122621,-3.4345105848371897,1.7028557665704123,-2.846727756101996,0.7695017941782709,-5.007059812096678,-0.01238417267932987,-3.073510910989575,-3.728744279384725,-1.2739588435337679,-0.6868616283190987,3.7725835300718504,1.9017411108855489,0.12687451451428367,-2.3906806085842893,-0.3372058838415676,1.0215505199889252,-0.6094051395703586,0.5268739158191609,1.3060203639641508
1,0.8413722996802117,-0.49408837949704226,1.2705210532428135,-3.444630763089777,4.601122445497786,-3.0340092946662676,1.5869008023160636,0.7668805910891602,-2.0500064827555384,-2.9160551000954555,-2.8231991290879637,1.0301506104453422,-3.4776463520876915,0.576094798365831,-5.481208786871599,-0.3565860266918255,-2.109666497292632,-2.851094075105785,-0.994237615878926,1.1696503157964162,1.4880901480443836,-1.1480494216363704,1.0978892153660085,2.1047209296943015,-0.5826615719678636,-3.3968601193919667,0.20350069188022896,2.3703999869873815,0.49314112429302054
1,0.8447205095532451,0.6151727872152963,1.9609146562284427,-3.9639341242529045,4.040528069925908,1.1218302189596119,-1.742188664637962,-0.6320312274949679,0.06415136835777363,-2.7090545645210633,-3.738131869276261,3.3252813989156773,-4.551384953022643,-0.06393645678405432,-10.970719612678074,0.05819572296490297,0.23290067334571085,0.5450487957605824,1.003572430499684,-2.728841809596471,0.43864356622672007,0.13388485668508976,-1.1655857601446091,-0.05000770111488867,0.6953672723668496,0.7450190512821214,0.11620013130682275,1.2185061729037927,1.032610014100196
1,0.8927957494283105,0.32193863386122407,0.7167851683712255,-3.341318970157818,1.5396247790383335,-0.5096023474496656,-0.07777281299757176,-2.8214162538120062,0.9165935896019026,-0.6530118201504629,-4.757262178896906,2.8088536694866124,-5.2642094200979805,-1.283217856732957,-7.291171064892471,0.7538498353186831,-6.272387044739142,-7.058855686003817,-4.7609582422873515,-0.20539529819901942,0.4635599102491457,0.8462933031367784,0.06036567090858842,0.1644799684979815,-0.9931624507685348,0.24434478132580847,-0.3380345939911521,2.115274040463103,1.0800418157452407
1,0.9292470154045429,-1.2030210632136142,1.057563408631828,-4.204197044683255,1.2516758886563428,-2.4918007408113168,1.0942319739443533,-0.2930883461178745,1.2088499534118986,-1.7543291005702275,-6.0289959144738905,2.401023985416581,-5.698635268737328,-1.1609575318007732,-7.440220961002863,-0.06514462101917756,-5.245728394839339,-6.501656391471114,-4.2104175150153935,-0.8149127284131755,0.25269663112782104,1.1680262764285632,0.8560054316546696,1.5450433946521753,-1.0227711748151376,-3.3237841593230977,0.22471019217398983,2.8016330775404743,1.2593898701973951
1,0.9327215728199549,-2.3824568795390193,-2.393451516959634,0.13592327331089035,3.6398390049444465,3.78879944730477,0.7048424684820336,-0.5133273470145815,-0.5898656157888829,-0.21370767706075391,3.7024778410675787,0.9636876174591397,-0.5793774559362385,-0.2007633265151976,-0.7612263195228492,1.3839107625386087,-0.961789322631657,-0.12120777371648757,-0.7129744976851566,1.3023382574166802,-2.965451918189975,-0.9043465961075813,2.5098813776484143,0.18185780975344612,-1.2543190931136141,-0.9636027477478211,1.3077656912268578,-1.2731411149361627,2.2101306247603363
1,0.9329321520572527,-2.0298947034675425,-0.7539118209203337,-2.4451165640387824,3.209888451193429,2.934752594672914,-2.5578012056364434,-4.092759970727641,0.8431710279926226,-2.9037598909702997,-3.903866363368208,4.0973021765923905,-4.567330267547039,1.1881196072598823,-7.2658216056501645,1.2185315868809483,-5.703080126530565,-7.558306891464303,-1.4121073876161199,4.385210368644504,2.7362017349842613,1.442756007259648,-0.051529256772754974,0.55841461423047,-0.2690176796820009,0.7875483394225147,-0.2563367023310929,2.173822481508301,2.022427897106679
1,0.9466198024816034,0.23893080308872292,0.6662110647158919,-3.698028909801555,1.5571483366354617,-0.4191568393112741,-0.1307542196869761,-2.792195789392307,0.9233658016195792,-0.9694031292555267,-4.974098878670825,4.406661566215813,-5.02363062432547,-1.0245347067051922,-8.256873711841276,0.731604375402963,-5.103574834396065,-6.895976041407044,-2.6762652248420173,-0.21352049369878195,0.7647640661940328,1.3389384646249416,1.240010680237307,-0.45656053265031016,-3.1862128866238497,0.6136246770314978,0.3538514502278949,2.110335049185691,1.1272880993299987
1,0.9476516407443621,-0.2019623847135283,-0.45527128720844007,-1.3089283792773798,-0.1436995858563196,1.3794421474369147,-1.073573655347489,-0.061877316047922785,-0.8307947521686556,0.6884092991958206,0.19987223453095257,0.2487788206067139,-0.07576775413928964,-2.226049043874185,1.111276001453772,-0.847253144528718,-1.0396918679071439,-0.2634627299601783,0.9167179575773173,0.5866075340474914,-1.333096821664539,1.8753882972286755,2.9651181024898707,0.30302190601747125,1.2762294677727697,-1.673664730921525,-0.41601133173650584,0.8841125094333643,0.09728920652704609
1,0.9793227580339365,-3.243151923074686,-1.4354308703095677,-3.215425651601769,1.6491987122573184,-0.5865301460162864,-0.31048338853791785,-3.2999243900766992,1.8747335056959642,-1.8080329269474857,-4.743849932821636,2.883224032164344,-4.129026969104669,-0.43515158182831176,-3.6700954036613394,0.4597080357673523,-5.82536032016591,-9.331281126092376,-4.07517258638446,0.8824298472768443,0.24243425312318162,1.8041897896298011,1.6904290911454745,-2.3784049675836862,-2.4283694590514773,-0.46051009618590594,0.23427189308182203,2.2559933944266097,-1.9720625861063557
1,0.9920628018904476,0.06141925081130776,1.195503145451386,-0.2862892968729006,3.8074173402624636,0.9343880059405919,0.21061067742103143,0.1794229114739057,0.05678964215073731,-1.2625304701715037,-0.041443191174007014,0.19186533567289393,-0.6295897320807895,0.6844581259660836,-4.9192062460722035,-0.3145108276423637,0.5676836766069598,4.558407405087098,1.7805285337464958,0.6216408967776925,0.2668114105006626,-0.05267313611583001,0.2818709228123612,-0.2679325902795171,1.3069468443190344,-0.4290912618941258,0.981330345631411,-0.39690119222431597,0.19703987844290025
1,0.999538364814516,-0.5969306022605345,1.1284485709418728,-1.6587842337445338,3.858896464648871,-0.21588302897934042,1.0245065337455053,0.6137126819199504,-0.09951931711282534,-2.087983295006392,-0.3892039312917254,2.327666761781645,-3.247426423899669,-0.5592629297455997,-5.375033871443829,0.055616216954004566,-1.1663833976177067,-1.938579872790118,0.15087516598106865,2.234552157683872,-0.38833171690657087,-0.5351638243076917,-0.9765634151730619,0.7547469924345077,-0.12980527569416558,-1.044846576022264,0.03064279202270719,-0.596905317194802,-2.3662410423277334
1,1.0022548369756563,-0.5984517733883239,1.0063024000743919,-2.011299130112753,1.8045904575676752,2.658250126598694,-2.3741443835918155,-4.8384783765054395,-1.8252051473175421,-1.019717387031716,-2.8245987707533264,0.9772095459408366,-3.1944715102561325,-1.5220523041507537,-4.451620170535736,-0.17431603212233251,-3.328340243427516,-3.3201318799911297,-1.6908536330259878,0.3994832118127952,0.7109735811093014,-1.1056128963793064,-0.40700097748285335,-9.59038869059466,1.1795352331854592,-3.0694297168803453,-1.316359372709298,2.0382766071549265,1.4977313303161732
1,1.0113308021031873,-1.8450321853513205,-0.5584282207346035,-3.1326496445368703,2.3822883769641625,-0.39500762373543463,-0.8791777649359271,-3.3726808564600197,1.2701594334362238,-1.6164062708718951,-3.4477304701514857,2.6761494206636467,-3.492169656415172,1.5547301023289481,-4.768721766070092,-0.5658804953569848,-4.837751788869809,-10.891613172055385,-2.9049167106531644,2.441389297019579,-0.41578820922089105,1.0711540867479266,1.2306249231875726,1.6572845242835552,0.1612676046880032,-2.581258570550364,-1.6347700886469467,2.614863374097307,0.3028677578393844
1,1.0221545749002892,0.5709577877969744,1.2562415886012248,-2.530923229289825,3.847863674157382,0.05203134509321767,-0.7659935181557426,-1.4619569769292258,0.43684276303400715,-1.8501569699164995,-2.5098014905305512,3.207641098782423,-3.5445243913153126,-0.9513175499155501,-7.882095554131333,-1.9304898259691716,-0.7330460315367119,-2.4895097546082807,0.21872218816944733,-1.4468500929723573,0.21210074510519827,0.3946251278384343,-0.23800184952442888,-0.035085587346063644,-0.6217494803171696,0.36989424366327184,0.23662594877305487,1.241219411863425,0.7862674483550433
1,1.023839208798671,-1.3935225460818246,2.0059850830400827,-2.7981559024558176,3.5575292858186125,-0.27282210665568035,-1.150264728167144,-2.7881193172192877,1.5546850308287028,-3.2980468037711876,-5.192311915464632,3.8623223569173746,-5.88843725759677,-1.3542158156363362,-9.666366446435653,-2.6871163744871187,-2.517136761111297,-6.721827024766241,-1.3290028792497082,-1.9121074974476089,0.2131051342481522,0.990323429411936,-0.41536671563062705,-0.8045895198168891,-0.7633313398953259,0.9796760555340773,0.09676930928429014,1.2750377876222454,0.4271616768842487
1,1.02392344049359,-2.683644418557168,0.22075941918680084,-3.569382787555878,1.6950977986982219,0.5052012844912654,-1.5002641375589605,-4.717139184192964,-0.7432819394309192,-2.5743755655943845,-4.237972933378792,2.65569397465405,-3.160685398421855,1.0887562617842415,-3.562668035655028,-1.1513749006700755,-4.280770280197342,-10.904572097802225,-3.5257149706534032,0.7451372032105245,-0.5236379752671845,-0.8825582311524423,0.7045401316360812,-1.7776093680859775,0.2955306718077273,0.4224918457091748,-1.4512040172888812,1.4381590758650398,-0.526019320936838
1,1.0527727960033753,-1.227965725822337,1.7827246792642173,-5.023342093724975,2.4955565351304565,-3.9250251461169423,-0.08454143717614612,-1.0745944355329928,1.4312518559002507,-2.1141924664640555,-6.00725665864561,4.315205248289395,-4.94211478421133,-0.7445042969147941,-7.785320150586147,0.584463280488321,-5.330698248755698,-5.26576702825996,-1.1717006677270907,4.287347762803714,-0.43935183688969975,0.8885815910460366,0.5706657477925418,0.03822359115215057,-0.430311412153888,0.7775450319117435,0.06035910864568664,1.287823629043837,-1.4224833210118721
1,1.0783371154113164,0.46389962728038336,1.7253159415680932,-3.7245403038656724,4.244338376078758,0.15696959829795404,-1.7991973634722989,-1.4706333316669529,0.2834401635369325,-2.566726159890414,-3.73155725469888,2.881510450399735,-6.156289467344464,-1.9989787415426647,-9.546222581639281,-0.660199375977446,-2.228002732252617,-3.405668413694562,-1.0881477564393525,-1.920964265157693,0.31380706508292555,0.5544559037912119,-0.5476570148449765,-0.1281202254693124,-0.27837473362409393,0.8921520787609498,0.43653739840214034,1.6071697545339598,1.0913154400820024
1,1.098889648971572,-1.053886658669225,1.5925211554881749,-0.49358951124025197,0.49086000841674776,0.3029738882507465,1.045224346270417,-1.372413697916899,-5.302516296719206,1.5693946354864663,-0.8148444551866876,-1.5619087320211045,-0.33904647898033985,-0.98271029312081,-3.848163321540698,-1.624669528882758,0.6013640051310608,2.7633634752597813,2.017741561441982,-0.9042694862383737,-1.8477655471509757,8.461976438767513,-1.759553660891428,0.7364150097252539,-1.736468938888313,0.4012805054222483,-0.6632975699175772,0.038237495355307266,-0.15183013981916424
1,1.1094817846076466,-0.822935426847745,-0.2473254514285552,-2.525807589563393,4.413879114966092,-2.4350193530955706,0.8616606684259663,1.5022534418691378,0.397586970383535,-3.4938043333967803,-1.3274351893129293,2.071006901839408,-3.262313505651449,-0.316845230623634,-1.8862032396442168,-0.810516355260456,-3.4087480616750803,-5.67015343099452,-1.5171712181177917,2.0904218027192183,3.1464560235053796,1.6957707959612363,0.8493626276147868,3.6054219114674693,-0.10913370513945496,1.033443192189467,1.1225552048344523,-0.3375437386168763,-0.029847843526078954
1,1.1211057585064796,0.6439624004227236,1.6512995270202853,-3.5845081698558148,3.7734917511479384,1.04839629257661,-1.0828026136320987,-0.7264635699783969,0.10303671022070827,-2.5017480894124975,-2.9411236024245513,1.9509539671227032,-3.9896093587551764,0.5799485585959101,-8.85233491974709,-0.8683161443139972,-0.7602091204627301,-1.616121387977417,-0.12445251702384875,-1.8020149207690448,0.40643665010038366,0.2846557757787282,-0.5869332269882155,-0.24731724005021272,-0.031073439410112133,1.2128556654976959,0.40006459314770615,1.1599207572707066,0.8497460905888433
1,1.1211057585064796,0.6439624004227236,1.6512995270202853,-3.5845081698558148,3.7734917511479384,1.04839629257661,-1.0828026136320987,-0.7264635699783969,0.10303671022070827,-2.5017480894124975,-2.9411236024245513,1.9509539671227032,-3.9896093587551764,0.5799485585959101,-8.85233491974709,-0.8683161443139972,-0.7602091204627301,-1.616121387977417,-0.12445251702384875,-1.8020149207690448,0.40643665010038366,0.2846557757787282,-0.5869332269882155,-0.24731724005021272,-0.031073439410112133,1.2128556654976959,0.40006459314770615,1.1599207572707066,0.8497460905888433
1,1.1298447968543344,0.11171238328672514,1.6446713117221055,-3.37124480741944,4.457102985902952,-0.6146339877440594,-0.6623632046402521,-2.3458890627524056,0.7863369567040106,-3.302019434752788,-1.7204707215771198,1.1794074976944187,-6.177574230313934,-0.9257407520030447,-4.112236670746064,-0.06797815325441435,-5.981216591826388,-9.599067359343962,-3.869642328431704,2.377630044375149,0.49509692466442085,1.4752984148014037,1.4294107662253004,0.0998065819663238,0.8792093067328614,-0.28611431318861136,1.326306388699009,0.8710107816132814,-0.005503211897520211
1,1.1300132602441726,-0.5744095549537138,2.2302812784889623,-4.323929310233566,2.8369426893326324,-0.3083298908728102,-1.5246247191012265,-2.142232308137795,0.9471667355328713,-2.682330819971999,-4.423391921429366,2.1120528607155022,-6.290159372929085,-1.1309720777400576,-7.0938255359634095,1.0105093658239348,-5.979567841826083,-5.908039213872798,-1.6098180938487592,3.52391303407802,0.5866226808928198,1.6140818267822303,1.857731289023518,-0.08597130629071825,0.4691221975888991,-2.2530609101630064,-0.1821390476296599,1.7808051849652602,2.0486259358852985
1,1.1300764340153617,-0.7870957786471365,2.32955032006642,-5.015071671313938,2.2046283954138635,-0.9092043798449259,-1.5649057872512544,-1.9279310117021446,1.231748507997824,-2.3033294923809535,-4.753335979211221,1.8880812532450024,-6.015969661138235,-1.2012805163679354,-7.036933070989574,-0.06346571216659716,-4.935949315784118,-6.54401799981487,-1.8856822432286393,1.1939308020408987,0.14886050596114872,1.4926763033786186,1.4664761537775604,0.10468311091145666,0.42468609665667445,-1.3306816956619616,-0.696149928982067,1.429648357365606,1.2068138878386827
1,1.14306917295663,0.6049398791563092,1.9088435549064362,-4.046015065918569,3.9066210063082702,1.256202616048404,-1.3637349557578988,-0.7410093208177609,0.22235367172646892,-2.8745016737482536,-3.5727390457092714,4.640483690838841,-4.165449069917518,-0.45886607673479374,-10.71022651395368,-0.6369595627746235,0.5859854841361095,0.13382861770452592,1.7760262768821036,-2.2180467459059012,0.43641397734337717,0.16913787983183715,-1.1352684651613139,-0.1279304653173381,0.0475984150296493,0.747608953933264,0.12477769789453076,1.2020533364535995,0.9893023381958151
1,1.146017282278798,-0.6999444103583128,-0.01542089570258396,-1.8301089051439174,1.872020387217133,3.2684860609530135,-2.468979085143088,-0.09606520528133042,-0.011955821679094172,-0.8490326200010659,-2.422231660089763,2.8007691121445357,-0.5536230394667834,-0.7620948143277622,-6.733851438056068,-0.16827101324421742,1.510791369300477,6.570087763143789,3.9295953985452647,-0.16914861567153006,0.9096773812182352,-0.0654317238066401,-0.8258919577408652,0.11560882612720887,-0.9912579551630009,0.7123477784179253,-0.769246903263962,0.029656359692052187,0.441996340902902
1,1.1533033238892985,-2.185429375073292,0.8605917270294282,-2.57755832056076,2.0785483192252356,-0.055211483524095696,-1.5030946264908245,-2.3233163461074033,-0.716711905131579,0.8771598167232098,-2.9714334707145253,3.2739934766614156,-7.568918323605171,-1.8562187330593354,-12.071246319347779,-1.618630531995932,-7.05381932488917,-10.93229376258763,-4.678883725892139,0.8421105130781896,-0.25808363054163974,-0.19068435923699048,-1.2508197075891254,-1.0891151084611728,-0.5765247195497892,0.10795771679165869,-2.3846127567575066,-4.484002948930874,2.1905160944448223
1,1.154524683465625,0.3851119957650931,1.4411758408020385,-3.3881395245400063,2.696859365033956,0.03130072819188396,-0.9648589091318215,-1.4280946282029092,0.6335748743867129,-1.607203371360704,-2.996751762902416,3.5198954476356668,-2.774569473142819,-0.07488768703629055,-6.552402913468765,0.18133442261648222,-3.0575373708077054,-1.6313416906580087,0.2971417978126837,2.8910807541513743,0.4795065653195545,0.5405654413994484,0.1945227540914976,0.2754135657641807,0.6509970721966164,-0.8529854650932385,-0.5457793097035297,0.7549032574982261,-0.13439746114911744
1,1.1650115294830508,-1.0981076369648421,1.324961606967252,-2.2624966796543995,0.08438383762206765,-0.1254922921112508,0.2181991759213467,-2.2706386606982494,-2.2433530354095272,-0.5067082195696267,-4.119476094046394,1.8653652422744307,-2.6463374855606028,-0.9869386467556812,-4.893783192665441,-0.7572040262053834,-2.9138337827902814,-4.101366267482859,-0.07737334801060158,1.830782839209153,0.6902699211549628,-0.09966377260618797,0.7737302684602053,-0.12015879113128765,-0.7225659478868738,0.6787958242536329,-1.0811079355880555,0.3579124962071635,0.08054986436225711
1,1.1650325874067804,-3.411884395375422,-1.643710232869425,-3.808423104844449,1.0239615071290205,-0.4795067097864494,-0.8621756980519509,0.6868420861666351,0.3628975844721282,-1.1975334706913279,-2.5681563578558135,-0.43968725910710194,-2.5646550669859027,0.24463906220801065,-1.2327111153887322,0.004777453138301183,-2.6277799086698126,-5.234905980625626,-2.040699952915223,1.2072253862500897,-2.501579940946475,0.3002307312662794,1.6356796691497082,0.5377786361464102,0.3561205101234881,1.5406583296562293,0.09131263589925605,-0.13623215474382067,0.24944384040436504
1,1.183774139526276,-1.9493687656609577,1.5450426338336116,-3.1387640302903046,1.1561594498136192,-0.8461546080540587,-1.2598159243237608,-2.5420372375487212,1.042495675673023,-1.5405924714379657,-4.37153028960633,3.5683519606252263,-4.168538673543284,0.7064094378305082,-7.953645530540853,-1.6366096632481653,-4.656189499014818,-7.908742744638425,-2.2519763045075765,1.666686940379337,0.21332001086367533,1.1404486365499635,1.0496235723229177,-0.6688896030094761,-0.7755561301384061,-0.4334243950870405,1.2160585406311548,-0.8624380380955196,0.26592389273417233
1,1.2024525178745822,-2.8018857216376,2.0163200069284892,-3.9546821564518018,2.5438278827525203,-1.4663534709212258,-1.3040863380576235,-3.5541910861897605,0.1912286294887221,-1.5254304706880923,-3.6660628186081032,3.661209507953756,-6.155113004401218,0.2901095690038458,-9.139109126389,2.5615801331308385,-5.872330874311745,-7.40988465671021,-2.5498103246531967,3.679485246865058,-0.714884151744824,2.341154605231583,0.47293513137397025,0.21391892658498654,1.375951509214894,-1.6109964814528224,1.041025298892297,-4.800099772089046,4.608597916296853
1,1.2036317616034493,-3.3788924695617846,2.3229759043862397,-4.165832394194264,1.302461791547579,-1.7945318819035183,-1.4161693026101647,-3.085862965175314,0.5136432289535637,-1.3490627698699615,-4.471467019993008,3.2915498740461944,-5.973942967039916,0.051433141988455056,-9.101346611765567,0.8482228609560974,-4.495723452483459,-8.435335258896538,-2.9047306078033897,0.2889625931672673,-1.2372521662298255,2.2281438687975093,0.053365427134467354,0.4455345789803603,1.2988946527703742,0.12257310435240815,0.3208185448982816,-5.0600641363092596,4.256935075676185
1,1.2049794687221547,-2.2058641221758304,1.9378233505604232,-3.825046721023617,4.592475436002697,0.27421178252151585,-1.462352374262189,-1.752384228518319,-0.609709231168371,-1.799730599578349,-3.1899871884242192,4.476480312932006,-9.328618928130131,-1.600082066572615,-14.883086422290607,0.5110556548166898,-4.640459109416533,-7.802532227408113,-1.7146286497847778,-0.26461842674474945,-0.3420391379595273,0.6489389758873277,0.5984265631601194,-0.2192936200874701,-1.0238186840842083,1.2326083538503183,0.5821279877394115,-6.5631767331738615,1.6166886802191565
1,1.2054427430442096,-1.8258925399651043,1.9980771943032472,-4.920311074839881,5.497436682481077,-0.2887522552265937,-1.4775107853618532,-2.5143462530284273,-0.27496418452368016,-1.433023506991751,-2.2937644946739852,4.510747326522465,-9.009125441046377,-1.2823865096868752,-14.57287618045539,1.373238907532583,-5.125959839983165,-7.029008466907968,-1.5207643014779977,1.409985898941179,-0.23537375736443655,0.7361661307407807,0.9914924328058994,0.6073235046175434,-1.018683943061145,-0.8494728944567527,0.7462073060316883,-6.569910904503603,1.2790261689016242
1,1.2062850599934003,-2.1056477902179416,2.270080545884015,-5.22769619630798,5.483033918336648,-0.557419128247062,-1.524595455262692,-2.808644042511247,0.08969007219523398,-1.4120780999472917,-2.2145169377141083,4.38913094413959,-8.839584616179465,-1.2209361368720566,-14.318559931613482,1.3467988800039599,-5.009621591468814,-6.841724290050208,-1.4978051053251633,1.368525282337918,-0.23605265999837885,0.7448330498728076,0.9478484356021922,0.688497669914146,-1.024693095887351,-0.7091971754979464,0.7617768986473035,-6.601975327720958,1.2636246642776756
1,1.207695940883295,-2.3858931853759406,2.5410048613667096,-5.534977623350361,5.46888947014067,-0.8250738510259379,-1.5724298521311633,-3.103640107296761,0.45468504304732127,-1.3912309095922977,-2.1353887351401926,4.267387158098989,-8.669969712765393,-1.1594739610828437,-14.064041379801607,1.320260941007977,-4.893527231943542,-6.654337172249643,-1.4745007206274625,1.3268808963154501,-0.23384770412527778,0.7544831190742042,0.9040587174039554,0.7725360807615935,-1.0309643786730558,-0.5683896855419405,0.7772328877304379,-6.636107114709293,1.2492856676711517
1,1.2191725093160197,0.02607631782298085,0.7935699243070465,0.4835752231884506,1.8506566000197235,1.0160212966757038,0.3966831500021516,0.8778772555351009,-0.12259606851141273,-1.569529980813877,1.175707641863398,0.46131041090626496,0.4358908306181395,0.5978002269414175,-0.14823649188171886,-2.212064611192485,0.9452660498901749,-1.5009228244919761,0.16020204271187674,-1.8296839414037254,-0.16328075223164118,0.31304155361015745,1.0568089624893962,-0.30366061999096905,1.2661735604327495,-0.271258290457761,-0.16025252749862687,-0.7372942503930551,-0.6720014240700992
1,1.2211098382991588,0.6753098517550795,-0.5110565583053529,-1.382941003718778,0.5366037610708192,-0.1422770690818946,-0.8754634365088149,0.39005525443470046,-0.29287108174807774,0.9511912692769887,-1.3546191562912502,0.010813490371566339,0.4834059286292643,0.6684328478453871,-2.433557435750258,0.8964989838916942,0.5263401694986979,1.728471084372978,1.063865915734364,-0.5625455286357505,0.7593939043365714,0.1821790811657929,-0.16751037683184386,-0.33400691439800206,-0.42062819255475564,-0.1886221201813307,-1.2730002208767504,0.006575689361073133,0.21929598546822826
1,1.239030131393193,-2.6510015144067594,1.9164962673300119,-3.3290494703053186,1.5867301131624083,-2.90657340360617,-0.47956393520165236,-2.3227574034371683,1.319811202275394,-2.605049537135349,-1.9474324050032208,1.8257815446612995,-3.6231516049881884,-1.4877477749148345,-1.6517352745316323,-1.3443131843959164,-1.3720925748807,-7.261719321565692,-3.1634681030182117,0.016691712556124564,-2.4003283749311195,1.589118694569218,-1.3870981068884376,1.2403721576208444,0.10467652075182682,-0.7494243080767958,3.9084164339217047,-4.317195953181659,-0.24907678755385382
1,1.243704990461202,-0.3133191848824769,2.239907763640138,-3.6504089746731174,3.9696454544190245,1.1949064650076684,-1.752758202440094,-0.7333237086923395,0.5914192813588106,-3.4111990180423706,-3.88574383535457,4.346301792999043,-4.507408787046328,-0.9588945362336674,-10.287330031839014,-0.5520824700265234,0.3073113135630919,0.6962137033379834,2.1427416491278843,-1.3331152619408293,0.4601920347079713,0.43465061422014334,-0.6495503914899119,-0.12152981454438794,-1.102804707404912,-1.2332180857295023,0.14640455369096667,1.2100373268992748,0.8856719478585586
1,1.250148715122512,-0.28060324748099064,1.3438303514239283,-2.322848395107171,0.16738530645575528,0.7878814264849443,-0.9273880302945205,-0.22578166083365997,0.4306613328296449,-1.6838491129360824,-3.1628101299699067,2.1690760415061052,-1.6911890780870569,0.5008052434995781,-4.5834148034442315,-1.3884206222034727,-1.3427981857453786,-2.18963979617047,-0.05895976847304236,0.4732728722124781,0.16411215296333098,0.4957372022802547,0.2899655600836098,-0.5861370348921937,0.026092084873361943,0.6699152962122052,1.3423209275947183,0.42595553963599575,0.3550268879318045
1,1.2528441293599224,-0.04236676800668491,-2.3835192786197372,-1.7257740755783542,0.11534288166721367,-1.0150027908857913,-0.6075496436467095,1.2137985986642403,-0.39435615136564695,1.3833073708019477,-1.0418846000194861,0.6993923662246521,0.9804595604760338,-1.345391628242485,1.027539597279727,-0.41785747752632063,-1.0666069696853384,-0.06171816714957849,0.6098510980005386,0.8992182004513186,2.4368321690650077,0.9566375772470994,-0.25121221394855725,-1.4749033839233163,0.18432465055368127,-0.1373975652305818,-2.3347573684524012,-0.4235232038685831,0.38239322663073655
1,1.2567187873262002,-3.7686096689534616,-4.51098500222408,-3.0972987738767603,2.6333275285107796,4.490729864380094,-4.8085392908551405,-4.7138404131350855,1.2200560440263475,-0.5881893684562919,-3.70035970160245,2.477628277197596,-3.3113720272994427,-2.0014716806891255,-6.00589666989318,-0.9584941193579579,-1.7661049254230354,-2.2476590494972415,0.5972113542772611,0.167955621461922,3.804213353758305,1.601822255493749,-1.3486174244846727,-0.4457142176201261,-1.0499099952962323,0.23699377393817203,0.8392935440298,1.7464299825914273,-3.7263138565013882
1,1.2589509272415558,0.34089765867887073,1.8418772563802999,-3.854973073347038,4.214796218122787,0.1549459984039107,-1.0980688469720863,-2.173453413598465,0.5674744045530795,-3.1380859732117816,-4.323442241718594,4.806275950643405,-5.212545909380547,0.5350277332602776,-10.999455648032024,-1.4283820885901373,-2.4349103601160884,-6.043643592006787,-1.2672187940543638,-1.006550084462912,0.7243578298453413,0.4489447838291889,-1.2972069730586366,-0.009727877092310834,-1.5833099615642627,0.45906071744901844,-0.13967653210482342,2.0341499695089156,1.291116654658316
1,1.2601722868178824,-0.3469256255695322,2.829611020636349,-4.494501505766844,5.045321852383659,0.6728184508522206,-1.4058823733144685,-1.8646067475291617,0.8320017224493974,-4.500198823700287,-5.121393935867179,5.6662983968648,-6.122604227400081,0.6170821072006683,-12.989336035363989,0.46667295481375876,-2.5744369006246113,-2.5055191640743204,0.8432191963149747,1.3437018388756587,1.1311178571078304,0.7717236142057057,-0.44328423699728814,-0.4505091263173534,-1.8496878206318978,-0.14079716308457127,1.1478647740692485,1.8842468651314082,1.1716513436995604
1,1.2685322825386012,-0.2615770616871519,2.923177990037672,-5.258979011280834,5.179909718880772,0.26640475303593947,-1.5425784655319288,-2.3731921805433194,1.1981472477708044,-4.136717165772522,-4.829045634755503,5.600328961514684,-5.8150612954412475,0.7267282666304477,-12.81995746206725,0.41381758481635833,-2.3061127191194695,-2.401527362326294,0.7852574139751112,1.0227691323422865,1.043036243529793,0.7292078687207595,-0.6331758838811486,-0.014994843302789801,-1.8830072114553897,-0.012364379824631937,1.0948603914534856,1.3846307822462682,0.3832880906342811
1,1.2749549492761811,-0.545115349022911,3.1867583159549433,-5.565410733842268,5.167499494037891,0.005979791295851908,-1.5957263264165853,-2.6732347058585915,1.5655681012452778,-4.1165660539157445,-4.750720502593815,5.477676739077438,-5.644935464588857,0.7882364398973131,-12.564032860436459,0.38655010023760544,-2.1917891141667347,-2.213410505924456,0.8109899623241817,0.9798563769553451,1.0654810314825311,0.7457764994593233,-0.6779104694482272,0.08954009194929982,-1.8911518049767697,0.1322738677694847,1.1095514344122281,1.3360272663621178,0.376436152339782
1,1.2786611438526208,0.3630766599384156,1.5848700445644195,-3.114496899009516,4.126781482355808,-0.43483555329290957,-1.235721528394002,-2.2514086721276656,0.45243636361603357,-2.7707496179923146,-3.6061144136069796,2.701878221631493,-5.441709040933847,0.5494765672656363,-8.759259492568365,-0.8857237849322558,-3.4399878310833336,-7.820798371134353,-3.082923055435693,-1.007758034369638,0.5980254088174577,0.49079609036049326,-1.1926762687556385,0.2241589325993406,-0.5551722758304545,0.24641275052153513,-0.32276517901496726,1.980666470403022,1.1880969666495051
1,1.2788085493187291,0.9538127501318134,0.8254540961202675,-1.3157007088754478,2.9476768852482973,0.8982112373684568,-0.5600870403658428,0.46296540330452757,-0.10987964288165761,-1.4125213171572961,0.21017576493598059,1.6673615891333013,0.14473822963203023,0.1045820974932222,-3.0817707427762526,-1.5012567472428804,2.1562505520741384,2.018649393859646,1.317935104497377,-1.962363071635873,-0.2233898165004399,-0.4097919250197083,-1.128526881807187,0.331186260210616,-0.4353748391479289,-0.22053163058695358,-0.49908557486950517,-0.016424496491386584,0.05228306624709492
1,1.2789348968611078,0.9589203820197283,0.8027766088531526,-1.5389714009298683,2.989796313169405,0.981843565579858,-0.6406426981214809,0.5787972114738573,-0.13807483377447388,-1.3674706547634432,0.2382436409625975,1.4217905096811811,-0.2807479776045788,-0.760388823597042,-2.876668300248812,-1.8641518245696806,1.8116495831434847,2.2715988278203105,1.4190751032534448,-1.8797160717561923,-0.2932949512078983,-0.2071151577225242,-0.49708657000958983,0.06952320643978815,-0.40020000774878856,0.32822801566111337,-0.005393709751356624,-0.06606656931879938,0.01586774352329565
1,1.2790612444034863,-0.5310008052463179,1.8813613379798009,-3.5673660935720566,2.1964671998191707,-0.6428115897906251,-1.8746381570721702,-1.6759856376970022,0.535703661059783,-2.742807070355876,-5.468935146358619,3.513623034197248,-5.5215668938484015,0.6868998056335339,-8.930186831604788,2.0278222502745233,-5.567178976348287,-5.1051647333833,-1.6430835035797826,3.7558169482557884,1.3676971430183356,1.0536922021970625,0.2960842435701727,-0.29502811751735647,-0.46907165033463794,0.9466492123056042,1.5186418152832182,1.672481519376088,1.0211872573799299
1,1.287716051056422,-0.613367267121408,2.9458720082791205,-5.493032444413322,5.404747963114959,-0.12131555593543791,-2.0774296837288744,-2.5676525464466042,1.3591305600223063,-3.975157229265047,-5.081924907214382,4.023081567674658,-6.336896624226341,0.6749757744622387,-12.681685355769348,1.1146462674563349,-2.4089702519261422,-1.8350161912561527,0.23383170284928784,0.617235054960877,0.7744288727214623,0.7247155169528282,-0.7674146369722444,0.3081776999122968,-1.1534600062861466,0.04796434269274194,1.0678964327870675,0.9367579777970639,-0.16096813409743016
1,1.3028777561418565,-0.06625727099770756,0.08571850575922638,-0.5900745173883326,-0.3232383683936533,0.587293115093231,-0.3788450226564631,1.110336323405047,-0.17538938289675718,0.1897762879018744,-1.4819502401610403,-0.783914576767421,0.5018368946250317,1.1233248638295972,-1.894842114884453,-0.7443153383627995,0.12090874408868751,0.8437081088872392,0.24491864691415718,-0.06304623316321781,0.5181408433805386,-0.04444150509288534,-0.3397083351375655,0.775243226784572,0.5938065700421273,-0.8363544159029004,-0.5152775371584204,0.05333307785371396,0.3308016501628239
