1,-0.33879797783103266,-2.2017133252286447,1.1424145877894105,-1.5423775414543872,-0.3356552537925521,-0.8588652401230173,-1.5853249550611603,-1.715954795462611,0.22821195487794677,0.2642136311989844,-3.5209155911127716,2.458855468582758,-3.6141239819059923,-1.0291649247786447,-5.52050748303317,1.8024487983563666,-3.723427555900319,-5.101773785907053,-2.2227453099585963,-0.011711485234918398,-0.9322655944849432,0.749521619207667,-0.09352376056342632,-1.7850515528748403,0.44426848548243386,-0.039465491832438145,-1.9980020348286132,-2.276551017174794,0.004403630496916634
1,-0.3216357699912699,-0.05838625075621001,0.6274606899180526,1.3087565997781694,2.209420295736578,-0.5363858801913506,1.1623921188854665,-1.3752289591484947,-1.8452214688730215,-1.130739733954015,0.24756609311282332,1.2671735661293024,0.9339632956610975,-0.1359687552556213,0.5440089640347492,0.42267901178802536,0.06832395023069934,0.36068120671405013,0.31622521751870647,0.27482500058907144,0.9506161576738579,-1.406266432670801,1.64865349028969,-0.18072712894517792,0.42057405024577715,1.3364634894949918,1.000299133495153,0.3219997008884168,0.6783886104527028
1,-0.2830576537183308,-0.45196178037927315,1.084383862302563,-0.6233454249197901,2.7216081914436696,-1.1182875833458774,0.141549604168726,-2.415652305675472,1.1253465433496859,-2.088541523582718,-1.7322677211141049,1.865643804377399,-4.005619987348345,-0.9414061019043124,-2.922943010773906,0.8721899804931483,-2.680440866736533,-7.566778685077466,-0.9870357428442723,2.1281309683592364,0.47999631385083696,1.0158431861928783,0.7589937916455074,-0.05586008201572802,-0.9371949954273241,-1.01350682120551,0.5366412575415261,1.2558294764555753,0.5354281124866664
1,-0.22342161371562144,-0.4788109261733364,2.0970614531605403,-4.250680292442468,3.483520584033898,-1.618541769870497,-1.7200441876527741,-4.604020209923681,1.120964315524785,-3.9343326887716628,-7.438247106376593,7.03721753724466,-9.45350963737637,-0.3161144037869966,-13.552626609953041,-0.14897496560630705,-7.266778398693216,-14.993359864134922,-4.587503636603441,1.2378610499227982,1.465167464829107,1.4520316571846168,-0.7188329660489821,-0.5123109616520175,-0.6701259234484107,1.7395777861515296,2.417504421537875,3.405319845445533,2.211231839175316
1,-0.21110272833370583,-0.7305198882674394,-0.4859964504176453,0.7408531336988301,0.2752804574415152,-0.20374185365801065,-0.041375655170541585,1.0720569723650033,0.1638545512878364,-0.49779222355328373,-0.6552556982286213,1.2487655987727648,0.02370110430448822,-1.5289241232379527,0.7586550094804094,0.18190980234332563,0.39718922194948486,-0.666862546797707,0.25772203809285754,-1.4008856358504693,0.8226291569500197,0.4432476483708759,0.01929425326303999,1.3530844237465274,0.18981861297744607,0.29996482470858077,-1.28453719322868,-0.2981704535895481,0.10783411255551646
1,-0.2028480222316359,-1.533400280447118,1.2693896317986577,-0.3212066579981014,2.1678979268303262,-1.2855178393095403,0.18900406504396156,-3.4991564912239417,-2.0307920690625605,-0.8967731534600244,-3.6692093573304745,1.8424422960629432,-2.3270416096031674,0.6394818242659875,-5.651506007984579,-0.2872340514189275,-4.357295048361387,-4.357178888205723,-2.3758913120725964,0.9581242011457637,0.8983215932587032,0.22322889197929416,1.7164776487586695,-0.4311592182235603,0.8868251674393183,-0.4234919578950135,-0.1234996717501455,1.1414107933366713,-0.10164303874746675
1,-0.20065799816373978,-3.589286541010257,2.0722940307960247,-6.281983216570507,3.7227327139129804,-2.9158825316623296,-2.1509786339434873,-5.64969943644403,3.1745705858414754,-4.207722036226653,-7.723452680685837,6.1810272924650596,-8.583631467734989,0.24791875710707234,-12.032254405963364,-0.3979672305897896,-6.222523552820818,-13.99631712565669,-4.251601304968505,1.076138478675296,0.707849636503389,1.5021968790079416,-0.7466646516914937,0.05916034551277699,-0.5870079244064615,0.6783999230262625,2.1617615651381907,3.3682075533072537,-0.8246058151345335
1,-0.20065799816373978,-3.589286541010257,2.0722940307960247,-6.281983216570507,3.7227327139129804,-2.9158825316623296,-2.1509786339434873,-5.64969943644403,3.1745705858414754,-4.207722036226653,-7.723452680685837,6.1810272924650596,-8.583631467734989,0.24791875710707234,-12.032254405963364,-0.3979672305897896,-6.222523552820818,-13.99631712565669,-4.251601304968505,1.076138478675296,0.707849636503389,1.5021968790079416,-0.7466646516914937,0.05916034551277699,-0.5870079244064615,0.6783999230262625,2.1617615651381907,3.3682075533072537,-0.8246058151345335
1,-0.20065799816373978,-3.4274943277535805,2.374547728140267,-6.428137282422799,3.6361225036574476,-3.732355699029803,-1.5757996691474618,-4.79978011740278,2.996422480355964,-4.264357487224046,-7.841093368918869,6.2201522633488375,-8.688562950277829,0.2523724800032235,-12.109405154324886,-0.38409619714040255,-6.121036434627383,-14.05697805484253,-4.275484224867731,1.1024070433051134,0.17603730142362364,1.2991731496280103,-0.6215878056332731,0.20371935302232186,-0.5604757015444817,0.7560191532531366,2.2298563894468244,4.08765108450016,-1.1963831807323708
1,-0.19453014235837665,-1.1270942582181025,1.9736358582811362,-3.5853962526612406,2.6024617875850953,-2.2216363336165856,-0.5038947246067353,-2.9877972764524348,1.5257430638521168,-2.7758683835559803,-5.835422487254338,4.26318565388752,-6.458416418408515,-0.06172373677863572,-8.807559287980416,-0.3592433792695034,-6.2091718193630525,-11.206451488318724,-2.908783225770887,2.8705669074707822,1.0485296928051255,1.2537379754260578,0.05191469487197888,0.04284343563234285,-1.3068505657776004,0.33857761695465605,-0.2826729210315351,2.6944974618340987,1.1325451054937314
1,-0.1884654603242028,-1.7181181580153446,1.7734700134024308,-3.7335468757375625,2.7482542013167186,-1.333369096409644,-1.3517446857117381,-4.4933456288605615,2.0114037441397117,-2.5931590297772926,-5.506440689456697,4.135649692007688,-6.124569241323631,0.023122884421890914,-8.501328396483448,-0.3292332446496514,-6.134407552131584,-10.967398146876523,-2.967832906697699,2.894110361064634,0.7476479016702984,1.19160379070659,-0.141244799222372,-0.9708924935473153,-1.2270613339992704,0.18477490346218498,-0.28007708153355027,3.0688730964252087,0.3024204569927542
1,-0.1884022865530135,-1.8313053777606216,1.5800387951748471,-3.6725926477414537,2.565176877254272,-3.291873528918395,-0.118518936367429,-3.3054369153774026,2.0239490208012083,-2.9490369842414905,-5.347348699941821,3.300821949893565,-5.696485051061964,0.2887363970524582,-5.647632987448796,-0.6069498328198004,-6.691757700953634,-13.11995091665378,-4.15299983982922,3.43267725272294,-0.23158448870305506,1.3946782024643745,0.590817573105329,0.29150362641160704,-0.8826903482127214,0.324076152080031,-0.3107330638378642,1.6983727858139581,-0.9080402982460765
1,-0.17768380337456044,-0.34218652298821356,0.5723993823239711,0.4023410938178714,1.8646290823199831,-1.9618082139891093,1.465628131909653,-1.3132482892958255,-4.378870793917401,0.1913310191063012,-1.9010042424653155,-0.5190554485223158,1.000517054568924,-0.08652105418658193,-1.5737186472774782,-0.4923657816726247,-0.37476391116422914,2.6729966945750405,0.8466802749698935,1.1217839890887367,1.9131968720086447,-3.409629276467226,1.9794292565484952,0.5629549320701277,1.0707028517941721,1.112040708779466,0.15705824065056265,0.8589935078280561,0.8549634353495582
1,-0.1602899583737702,-0.21433696361109886,-0.7000387765826965,-1.3800575555440548,1.9682301531658488,0.5334538140995859,-0.1255692333720375,1.293378507685294,-0.09831855996840867,-0.7254068229322346,-0.12302017286770611,1.0120707757893785,-0.28459577871666586,-1.214019105800998,-0.4477515366466112,0.2719779773840487,-1.0601085304966311,1.977999713243339,1.5692895599898347,2.734709835292777,1.6543246416342896,0.654356497535385,0.7351753074691295,2.057212716862076,0.8521995794550842,-1.1566612760079231,-0.6325324318247564,-0.05292731063065496,0.3911031738482241
1,-0.12933481049100792,-1.970641666582678,1.5944239416493593,-3.4718926126331855,2.4339259007032052,-0.48921125862369536,-1.4298612443585155,-2.6603052926132595,-0.8253572032956438,-1.0632460397876564,-3.615100269864704,4.170194603652033,-6.605941643534794,0.005653101600815633,-10.388685577889076,2.7000098448243253,-6.505144244414825,-7.52128245139743,-2.193050228773497,3.676940838949943,-0.2317043372472915,2.26557866620669,1.0818175032379296,0.10955477286168852,1.2861653673991869,-1.6558675379751184,-0.014121204710759375,-2.640362023261169,5.372370402888105
1,-0.12796604544857285,0.9791361650130953,0.5764932455632766,-1.3580889240326641,2.707881586624612,1.2086209508211307,0.5778306342802652,0.18791097549972996,0.09037593198712114,-1.040974232919468,0.4974976449291536,0.29584981442408925,0.2579035077966343,0.7125160839879637,-2.5252778089290255,-2.1825726444710596,1.7194794069441268,0.9417155021551618,1.3872575834165362,-1.4134792753808862,-0.1503680869040107,0.020769070146054988,0.3307072444577125,-0.17922065147687316,-0.628380088357604,0.7117035249935816,0.3921739634462744,-0.014427210333810433,-0.036672904280666885
1,-0.08713473133654832,-1.228156362254883,2.263805550358852,-1.5286657599325622,0.9657992736195167,0.2854575270084845,1.4411041192183034,-2.5114894350634858,-9.01276449149458,3.052460218644233,0.3397499721577912,0.3744175271609032,-2.264745156883872,1.2163549219765657,-1.9618512586559709,-1.020589659171345,0.2687320306782867,3.9107855813084873,2.2743119578475475,-0.7141619006846371,-2.7770243694978816,13.622448529328597,-3.382889797575971,2.6982658736233476,0.19526766833772013,-2.9377464478900737,-1.4418702658010172,-0.3778234697350064,-0.4207014265212492
1,-0.07873261976837,-0.947091403832613,0.9416570325891631,-0.9271602017533557,0.47273350976560735,-0.20302892603350245,0.884695724174688,-2.7968660944215658,-2.357058696020837,1.130706956530629,-3.817204088690653,2.164609024009024,-5.126417112319151,0.6644382493938501,-3.2380110364369132,-2.633925260583473,-2.767488614746961,-4.663201232680544,-0.14915480312543428,0.7375534041678549,0.6964586481121328,-0.1297554227222629,1.3044350900640953,-0.4762568305459046,-0.6081834742229668,0.3812389517354234,-0.16297454884828427,0.9085244727595706,0.2234795105980567
1,-0.07174138909008627,-2.0172685496054097,1.745167606735973,-4.235106592241442,1.719217263979465,-0.9616591265004357,-1.5928512812247766,-2.6089691200171634,-0.5740026064372038,0.7063206098549422,-4.3376967030682865,4.821792172510105,-8.759781106352497,1.5274186398015182,-8.921423846792553,0.38454104502538233,-5.1743483852553505,-7.612313486887423,-2.2552695676829537,0.21478107342968902,-0.8682460453007894,1.9202653871618407,0.3850113139824248,0.9141048318343609,1.0835884490865777,-0.5728249277983349,-0.8451871488119388,-3.4157432017538847,4.178135829497069
1,-0.0697408863357581,0.0037673476680710875,1.4323105387623662,-1.714943685478316,0.7851037418597208,2.3738125928035188,-1.3331700410642837,1.7092761585839118,-0.6950086210058116,0.8196479640416335,-3.1006876261078054,2.0150773184168465,-3.987448142863228,1.0268222331299746,-6.225686176386329,-1.2581560051808087,1.9169609304627147,6.577040768163423,3.327624932262599,-2.75303106571491,-0.008286809081183427,-0.7677695229498246,-1.2430744927287445,-0.6475722497897052,-0.02137205629844699,1.1315212048725813,-1.523038571874307,-1.10875604534581,-1.0978303072164342
1,-0.06927761201370315,0.9980391880175374,0.9871317725011233,-2.860473522206833,1.6797967758476247,1.5311404254061913,-1.1888372114980124,0.5284536280873091,-0.16150364825979913,1.1082967666232093,-2.5982493287774577,3.4334566620969835,-3.9213383803591833,-1.0206169137080092,-4.907718029295675,-1.0581643537512442,2.1167121957880624,7.093070113944307,4.213024056306055,-1.4695667778659565,-0.2991737105802522,-0.6459123572188703,-1.3430126520777357,-0.07711393197613353,-0.03884161326997472,0.6948166064006772,-1.183488799198772,0.0634705222949956,0.24806023750662012
1,-0.06864587430181004,-2.603908481873699,2.2003451106612286,-2.5351443916817393,0.129396733708561,-0.8578172480220002,1.2025646718979839,-2.4298552944095806,-7.238273511525652,1.1700553594390282,-3.4141421708088733,3.6437450758069603,-5.038062033744545,0.9233643791759388,-4.40266289319308,-1.1476930243836727,-1.9298632409998535,-2.793269567155736,0.5369984120467932,0.5009649720979135,-3.640181287369935,11.273224157086302,-3.8544142717289627,1.746641884570924,-0.2629582235759529,1.020870306449422,-1.0308976213287258,2.3378278339369922,1.6770970349562275
1,-0.05731671133519364,-0.5659276761442174,2.0886215151440672,-4.100222389515234,2.1337128143747077,-0.38391821471321924,-1.9150604361478085,-1.6181042609485774,0.9146662507414899,-0.7610371523063432,-3.7614520323279463,2.3767257878237777,-6.072121856896514,1.8411367256787325,-3.652957120691586,-1.0968998187757466,-3.9957497432513636,-3.4637385015349382,-1.3430863647727174,0.4590870645694795,-0.08898206587895689,1.1244737071939475,1.5766423292162544,0.3339841612985049,-0.4879045222127668,-1.324117485480503,-0.7563859056089621,0.5681594658218189,0.6326593347236456
1,-0.057106132097895945,-0.849003722951346,1.9704967178965422,-4.6433463026381405,1.6007562417633707,-3.026745975207126,-0.5606412577859007,-0.2007424252971516,0.9135980068036061,-0.2795640078824427,-5.113613469040556,2.6576952508262237,-5.953167831734438,2.154913445184522,-4.393680993527528,-0.14988897596897058,-3.0121598587337926,-2.981572287522294,-0.7958567550185021,0.7690776956932087,-1.0924276522819665,0.6131618123967355,0.7181498194095208,0.4937479446224177,-0.5250787394849054,-2.4082420584799293,-1.4349354131692276,0.6562376655798364,-0.39518826786484
1,-0.02257113718107272,-1.6802664630033408,2.6652813005053617,-5.536157394784834,3.145480779030335,-3.4704396029106612,-3.1826777289562966,-7.452158183228264,1.6528058150871252,-2.651431586198702,-12.43531701001995,9.222039701226263,-18.062052799283826,-0.73164542027464,-16.057941090290306,0.38181967549247686,-15.18272992258351,-25.07596110352508,-8.66443530819223,2.793754733769855,1.933873867234019,2.86218982281893,0.823163950475601,-0.5253925066522933,0.7359949526418386,1.1227819496906997,-0.8274238302539763,5.2424127976327926,3.183274532874099
1,-0.02086544535896133,-1.951270586820896,3.4319795396629718,-6.097245949025777,5.824100878192966,-3.164864402726972,-2.5901189350827454,-6.812251584370628,1.9304282238292514,-4.8588500260700185,-11.031073663053288,8.446321328953491,-18.698680396026482,-0.9666432509648676,-15.958432171752118,-2.6374894910483015,-13.81521667062432,-25.12339736527207,-9.598757097320117,0.19165546004246978,1.4466372355698958,2.7099497915776487,0.114859154883278,-0.09970796025095574,0.6442506004113859,0.6328377927867492,0.2032595684905214,4.631870497202775,3.0321177371331576
1,-0.02084438743523156,-1.8547113440527512,3.2927055399579186,-6.025726206551982,7.279803073175784,-3.9281671017827504,-2.1503282633441057,-8.596040191147866,2.5270017528384363,-4.452490471302253,-10.318289990181135,8.610450594733024,-18.56855862746498,-0.34114618210462655,-16.298024500192987,-0.20646301778265952,-14.183100974846493,-23.73507963672301,-8.218919969916028,3.176866205499364,1.7564187549496801,3.1447361541364454,1.3485734326108967,-0.1539414337302008,0.7139099726309605,-0.8356934990201601,1.3497666269828026,4.195922039075944,2.598395527880092
1,-0.020633808197933857,-1.9225480167047635,3.567319671597391,-6.728607989470839,7.245767134568016,-4.065547216737791,-2.428470664934096,-8.594905155117004,2.740163367444132,-4.795886215695766,-10.269685902567621,8.699302365311365,-18.445894469763548,-0.23392792599624618,-15.670511626841906,0.15424891402266425,-13.907382295461051,-23.742756138631265,-8.413104133510531,3.07212183672011,1.5489695876021885,3.0572313943295946,0.7528186012375602,0.6114945991200001,0.6307720040146612,-1.5750479108125492,0.8177804262399144,3.5006187344782567,2.3703365553273867
1,-0.020233707647068222,-3.158156731249092,4.30143552840832,-8.593856637172616,5.657896222603916,-5.712928717787328,-2.983294467464274,-9.885775228871594,4.1622877280140775,-3.866912784415357,-11.907523312972035,8.512013670406498,-17.196682046502275,0.06990740348053046,-14.72589757734483,1.0477620722150613,-14.123041009689938,-22.036948781681318,-7.781211097368383,4.321604530845021,0.6277276550074374,3.407345104104494,0.6637606441571176,0.7701992028958997,0.5949327430456148,-0.5627606982967608,-0.4130699902595246,-0.5052063170000344,1.2085674419558394
1,-0.020233707647068222,-2.981168315644491,4.330834950103986,-8.452920213085548,4.965946157103595,-6.992437564677434,-2.20558146082224,-9.330924879942737,4.055447116460093,-3.180575093169834,-12.233838566294137,8.28857776079924,-17.01690917797562,0.10203900604290568,-14.703255719871015,0.816146629566784,-14.449844484299883,-22.26739869067432,-7.906435906999387,4.924727671984098,0.07223008379056675,3.351912511284831,1.4535824273111757,0.849504013499496,0.7804390856671214,-0.5294649209597977,0.585689961101323,0.2598556995650046,0.7707677760161264
1,-0.02008630218095983,-5.539553725225464,4.074028066274432,-11.053953838136042,5.951008885934019,-7.428175423235371,-3.1466406769477606,-11.37917999460657,6.0018278533420135,-3.352576969171947,-13.996410889652429,7.867757428455162,-16.073170159998877,0.2718147512479103,-15.598868923043925,-0.26340116850010165,-13.542610404517701,-18.234241475033752,-6.858535931149592,5.073505156108099,-0.839017268381332,3.4602563823972754,0.1867643208052327,-1.6397658859616675,0.6707953536027856,0.20448388648139107,-0.054398518854958854,-3.628629045250024,-1.2472081663859669
1,-0.02008630218095983,-5.428302624225225,4.3916376684733285,-11.661035116744857,5.794435270643185,-7.365790731103749,-3.385460904545258,-10.493651381978937,5.679728907547953,-4.241035565116746,-13.706832153698203,8.218918378198529,-16.478692905398212,0.34012490611497,-14.838820883588536,0.608080097627806,-13.334071389522597,-18.651774974634524,-6.863962240370639,4.684100463379056,-1.050877682893265,3.696763833585802,0.9585261336970773,-1.8225723440446118,0.7585986507744475,0.7411361105999509,1.0833888438804467,-3.5096436514911695,-1.4793476252668347
1,-0.02008630218095983,-5.428302624225225,4.3916376684733285,-11.661035116744857,5.794435270643185,-7.365790731103749,-3.385460904545258,-10.493651381978937,5.679728907547953,-4.241035565116746,-13.706832153698203,8.218918378198529,-16.478692905398212,0.34012490611497,-14.838820883588536,0.608080097627806,-13.334071389522597,-18.651774974634524,-6.863962240370639,4.684100463379056,-1.050877682893265,3.696763833585802,0.9585261336970773,-1.8225723440446118,0.7585986507744475,0.7411361105999509,1.0833888438804467,-3.5096436514911695,-1.4793476252668347
1,-0.019686201630094196,-6.681253091537324,4.452324258294845,-12.040592182933887,7.520842208755499,-8.499565155415866,-2.746568515808888,-12.023087095710277,7.3767879852825615,-4.931781655456394,-12.125272692245327,6.228232962115646,-15.54405208923543,0.6628284080228672,-11.905280491959276,-2.674027702111648,-11.222513987046142,-21.398629730421817,-8.673495230922516,0.766298121915636,-1.7852589815592805,3.759117268765149,-0.36676547405743953,-0.6611492397315916,0.8585084550264649,-1.4270891258236056,-0.34798656053421256,-6.189552796954646,-2.1542061578152203
1,-0.019686201630094196,-6.681253091537324,4.452324258294845,-12.040592182933887,7.520842208755499,-8.499565155415866,-2.746568515808888,-12.023087095710277,7.3767879852825615,-4.931781655456394,-12.125272692245327,6.228232962115646,-15.54405208923543,0.6628284080228672,-11.905280491959276,-2.674027702111648,-11.222513987046142,-21.398629730421817,-8.673495230922516,0.766298121915636,-1.7852589815592805,3.759117268765149,-0.36676547405743953,-0.6611492397315916,0.8585084550264649,-1.4270891258236056,-0.34798656053421256,-6.189552796954646,-2.1542061578152203
1,-0.019686201630094196,-6.552142464969159,4.547183416809174,-13.514869277219857,5.272942157831345,-8.386416530871607,-3.8588306399985317,-11.333490319274135,6.976275672239407,-3.9482918700827194,-14.29381642604192,7.4563887627437,-15.604812762943425,0.5071867894741368,-13.820125710997548,-0.8702212333241546,-11.802924320362331,-18.89067744141789,-7.017791960805088,1.9331970063734703,-1.7886637479990724,4.0391431108766875,0.8479317613280452,-1.2274537043946183,0.7120677785825265,-0.20138038571266065,-0.0209265439653143,-5.948023497679423,-2.1829578875482283
1,-0.019496680316526262,-5.126191143646999,3.7177748420541294,-8.555945157731806,5.4670109720817175,-6.292150208335798,-2.8803716699434054,-9.625563357926152,4.884053304762515,-5.216545521584024,-11.423951346088652,6.848053953301943,-16.231601593160914,0.25450654992782246,-9.105675309283962,-0.1611785965037112,-16.125344095228858,-24.354363835305918,-10.122530150546206,5.959486842166134,-0.106722920136031,3.843899359528362,1.5888170846471217,-0.9085346973868662,1.3919213786334388,1.0549812881567244,0.23617937693169053,-0.761523274384866,0.18671273434360414
1,-0.019307159002958332,-5.259028901509715,3.9260414738181937,-9.943175215447198,4.629103841466265,-6.433825991112474,-3.3564342159032985,-12.044937247244192,3.215278307825696,-3.9671598132948747,-13.34728413678019,7.434757857320635,-15.848403309410278,0.13567679778048147,-12.066637993619475,-0.0841535017678558,-13.086918210525221,-22.574112020742156,-8.315517120518614,2.7170143420513586,0.14689439103793062,2.0540527522650462,1.4353612893023742,-1.0934094713091167,0.9469953436945664,-3.073967384860283,-0.8160503276152887,-1.1616838202420983,0.3208897809522365
1,-0.01915975353684994,-5.779689200720868,4.355311210786129,-8.691879424892598,6.426844989767208,-7.313740614870192,-1.831548678625322,-11.46587632307186,3.7279691293465476,-5.681584419614787,-11.588545307497554,5.934410333201267,-15.730196540034164,0.11837703903939671,-9.027538252604048,-2.734091983494396,-12.817514593932593,-25.414162361291133,-10.846058283962927,1.438737737878468,-0.23469862447578105,1.4733857662116805,-0.4830678821565295,0.7735396425241653,1.0916160857412835,-0.760673104296793,-0.8570986333213447,-2.471430228446371,-0.712051535745507
1,-0.017875220189333955,-5.819048934974512,4.70170552793231,-12.248823580489894,4.740459075131764,-7.3713150047326765,-3.2995732493093546,-12.8477070523065,1.7440542353605843,-4.540961426014303,-14.093887215469337,6.949254425748437,-14.991753627005215,-0.14899240939536268,-10.364847186611243,-1.2695084707751731,-13.291658656917406,-21.64498115125976,-8.83196601869842,2.3852624250313905,0.270946577174882,0.4615342204792896,1.850519614743694,0.38307925869293113,0.8827667686936511,-0.3356466017241811,-1.0373564546828975,-4.26641390859513,-1.739986342708219
1,-0.009515224468615162,-13.50786122414267,9.990562072725838,-19.902569377925904,6.288841041190133,-12.963356958898018,-0.921663801122462,-25.218288547187964,-9.577521410363099,-8.613064656048014,-20.37666555862787,4.330310519415534,-10.600789502491203,-0.7071388145800436,-4.095798230798206,-2.622319150411871,-7.771617068207215,-14.673016591055418,-6.563131211313399,-0.6976809746160917,3.647885275035599,-11.920255187277327,4.76903951888434,1.435702292405318,0.42076647883687174,-1.4159388165927687,-2.0043794812193614,-17.99531749441492,-4.013795233974113
1,-0.009515224468615162,-13.50786122414267,9.990562072725838,-19.902569377925904,6.288841041190133,-12.963356958898018,-0.921663801122462,-25.218288547187964,-9.577521410363099,-8.613064656048014,-20.37666555862787,4.330310519415534,-10.600789502491203,-0.7071388145800436,-4.095798230798206,-2.622319150411871,-7.771617068207215,-14.673016591055418,-6.563131211313399,-0.6976809746160917,3.647885275035599,-11.920255187277327,4.76903951888434,1.435702292405318,0.42076647883687174,-1.4159388165927687,-2.0043794812193614,-17.99531749441492,-4.013795233974113
1,-0.009515224468615162,-13.50786122414267,9.990562072725838,-19.902569377925904,6.288841041190133,-12.963356958898018,-0.921663801122462,-25.218288547187964,-9.577521410363099,-8.613064656048014,-20.37666555862787,4.330310519415534,-10.600789502491203,-0.7071388145800436,-4.095798230798206,-2.622319150411871,-7.771617068207215,-14.673016591055418,-6.563131211313399,-0.6976809746160917,3.647885275035599,-11.920255187277327,4.76903951888434,1.435702292405318,0.42076647883687174,-1.4159388165927687,-2.0043794812193614,-17.99531749441492,-4.013795233974113
1,-0.009473108621155621,-7.756227716585084,6.317744679977689,-12.946074140536311,5.682793808579797,-9.301372600387367,-1.408018273297318,-17.266095151761107,-3.1128622415039264,-5.4338411266839675,-15.742799676539034,5.782634253616275,-13.591025032770368,-0.4535510698760724,-8.694779238889636,-2.2125126362219096,-11.6363115507375,-20.334701296438084,-8.445847217734919,1.8644010883632143,2.149987405385613,-4.729733180059028,2.432747438176106,2.724368194934031,0.6300492403141202,-2.7114510441605897,-2.1215727486447893,-6.527635784216366,-1.4054979791750764
1,-0.003976990527685584,0.8719373025560072,0.015067344450933032,-0.3219385221355597,2.675075124708656,0.8255433301365126,2.187751247430327,-0.6008916253888456,0.5853689515447873,0.9179346094578144,0.838322905189302,0.7498243530012866,-2.045505537060668,1.0063046612806026,1.3800288269435546,-2.971740582005971,-0.1750976538220419,0.8861168899555522,-0.9017043701778158,-2.349472771534849,-0.47736795302415264,0.014792179006477824,0.7554879638449087,0.14607566885991202,-1.6642716250167602,-0.15765666483861837,0.3726657761932508,0.019170242021417646,-0.20855777489527172
1,0.0029089505319492897,0.42989153057555035,-0.22135114652177762,-1.6251010868889955,3.4049024840049413,0.5618609895326667,-0.46145689765653713,1.1058393667300483,-0.4406257687473324,-0.11046160132879682,-0.3284354116431242,0.6248257715098589,-2.8211402112503348,2.3718081780222002,-1.1565887364117282,-1.5841016893181468,1.7959913847672009,2.5933819502169118,0.9550174089398962,-2.5841301437873434,1.2256921574009494,-0.15060375263510614,-1.7332224468964046,-0.5195189105975424,-0.6935074249129322,-0.4210832484263651,-0.5575654216604551,-0.35820350111341076,0.31647846143220276
1,0.015691110235919837,-8.326294803674669,7.033707132418891,-13.0185363833585,7.390434981569855,-9.128199664724736,-0.902515590586068,-18.899579547919146,-4.840397793188358,-7.109783312629552,-14.973200894378538,5.460530929494931,-13.646138011120776,-0.48553160285089547,-7.670393088636521,-2.6140571771363916,-9.960774842795441,-20.720730549114947,-8.895467723986032,0.20851665664208738,2.731831890941557,-6.650553425863721,1.572151006328916,2.230654353304043,0.5762385984354764,-4.15807546591292,-1.6563877972236072,-7.290741642545883,-1.4017082401040193
1,0.027820474304267505,-0.9970593956094974,2.1445970208836442,-0.8643425439994429,4.206374910156579,-0.7274021385501712,0.7378760982665155,-3.70808050576558,-4.096102735533348,-2.2908091578189724,-2.6177430497187664,1.9835914502990954,-6.492943135188246,2.3877507323225764,-2.338337725053886,-0.6193169604179743,-4.492839779593891,-7.2141021401578,-2.7781223361961827,1.9189859635929514,2.5489291043451363,-2.7202578769848094,1.562223764980197,-0.06639484572216126,-0.3556181939150646,-1.660534263078086,0.44075703910762826,1.3202546386861411,1.0842484304998525
1,0.031105510406111665,-1.8135429960432465,3.28616355514389,-2.4612066298581063,4.717297672152468,-1.58489577646622,1.8269138535686988,-7.071514822896092,-10.137962847507342,-2.599927270509571,-5.20353856467698,2.489279477899876,-6.151977408640123,1.8054258231518647,-4.515977898991288,-0.16391894852923092,-2.0987182130395614,-3.949720521474226,-0.33681194190267566,0.18253717669508202,4.91963973492391,-7.745152163765732,3.460077945619211,1.527614394572018,-0.8957480510618119,-1.1896781003439185,0.8419552790116115,0.05704497060065788,0.4990889059812716
1,0.040076185914993796,-1.8920051006733534,2.487651580345553,-2.5085903492931747,1.2079634231474192,-2.595530384047733,1.1031775222672282,-7.777565927644259,-9.974544023274358,-0.29336239157396915,-6.08504895365294,2.131092741377072,-4.384586826211164,2.0730993220678964,-0.7029237649570071,1.530362910716956,-4.8558288953286945,-6.07558800338819,-1.554002831239264,3.187135423204542,4.721093508194208,-7.486183196261242,4.053292327875998,1.4672469457225683,-0.4218709902634016,-0.3526623730725429,-1.212167635880874,-0.7816123036249268,-0.2945407821739341
1,0.05098419040701479,-8.953724431722915,7.480455505160243,-13.279196502397191,7.855807492928086,-10.556884766366164,-0.28644544355363055,-19.342677929122935,-3.956057977050849,-7.830695357537047,-13.988945573556423,4.327428223866181,-12.903847992312581,-0.11014918856742727,-3.7004510350653916,-2.3793179549976093,-11.871101069097062,-21.63104868683371,-9.919282859137896,2.9922685167576444,2.497137741859198,-5.925225977860091,3.292049026462326,3.2334024841835323,1.0355750138501827,-2.083339354402177,-0.14889950201390068,-9.50915669622356,-2.4314043063009967
1,0.11390526651156832,-10.028045793407259,8.905882686362684,-15.037891150432994,8.556368384144257,-10.793822813312918,0.6310871614171424,-22.642863989335744,-9.980014884359283,-8.156449751788974,-17.36995969465346,4.8703771770246265,-12.696469327651624,-1.0765324389978044,-7.702291680618173,-3.2692922605376338,-9.794345720075066,-16.25572809377597,-7.158839947590275,1.7476207995301591,4.974096904580347,-11.203021798577915,4.572380405491941,4.139921949886671,0.3219844065141848,-2.2920686771950667,0.07967825597750605,-10.224036836327395,-1.9550532306127457
1,0.11975936930844444,-3.566291271746975,3.1194064367493675,-3.0333590538644217,3.2026182666525758,0.6151476024243178,-0.15815217698650816,-3.5771242050058922,-4.299009244519069,0.06309727821224481,-0.7999254879644568,5.095285509275008,-7.808477418963983,0.03407350105026541,-7.886688772202503,-1.1085283149477374,-1.7208870519916655,-4.015226346133007,0.12830738326678728,-1.689744023675187,-1.6175353860495414,7.424783017474058,-2.833369618381611,-0.4489223970133137,0.19940934407387126,1.0922360878907178,0.30270332903780606,0.7437309930266602,5.390660992078675
1,0.12866687104613728,-12.245285209409138,10.111896233818483,-14.647875015005704,6.769685843044312,-11.759105732903837,1.9488054912829833,-26.86893422640015,-18.051680752708435,-9.869131813842985,-18.21755792756081,3.1578301383847625,-10.903860570788947,-1.5306887606805646,0.12132692757245281,-3.3855091880119526,-8.680642355962,-21.320502292844346,-8.962171987492694,-1.5273040330806646,7.5293454793010195,-17.17444871001775,7.956572950185181,4.404165160324124,0.8477082252377827,-3.08627337164706,-0.9531303344859214,-11.461254450625558,-1.0135664067820755
1,0.1313412273598181,-0.7481091884653935,-0.6621286965446304,-0.03941814071580923,0.7520376703497899,8.038496165147539,-4.076483276933158,-7.580705007698326,-0.3738065378085149,1.8132668168486705,1.6401940502851913,1.3408146067483542,-1.4728754257598582,-0.7282014309540108,3.591116002370589,-1.0459829102825255,-1.855779646624798,1.6697934303963087,-1.6916721108814035,-2.0290993862888054,-1.8907322054080073,1.5801053514841459,-1.7358361735257637,-25.59278365773975,-1.4590535206779918,-6.7847136499097855,-1.2296406322767284,1.6736165386715638,1.2870997829306334
1,0.1368584033770179,-13.185318229499163,11.607323366531412,-16.74538504409281,7.857688519586096,-12.086732607958433,2.9526320629439624,-29.957617250768653,-24.07985894271413,-10.127724435925952,-21.332874702151106,3.7091558483235967,-10.530922591036974,-2.670119399192967,-3.956623679436549,-4.915190511204361,-7.484009135979102,-15.149777320650113,-6.925274900347919,-1.5410382476732325,10.257018197624376,-23.038110607013284,7.859558711531274,5.620893798323557,0.0897062417430856,-1.2891094601935267,-0.43430110929034504,-12.263706752437278,-1.3584861962627288
1,0.14283885371627264,0.46618660056326017,0.6936214782759538,-3.0356938626648096,1.4774019870932773,-0.34285514205164497,-1.5653266889435151,-1.3509462572428748,0.07903589562567392,0.30747268511758774,-4.070182639460654,4.773122592381585,-5.399542779925268,1.3388315051271973,-4.802655802239961,-0.8492311976349389,-2.935107105735732,-3.5364294187134644,-0.2689670520767005,0.3099035093214556,0.6602271627239932,0.5464987365454137,-0.11703649238225769,-0.3165690163810347,-0.46771724216171384,0.7435532743162818,-1.1478576332822996,1.2790728436961394,0.8204858953790353
1,0.158021616725437,-0.5210780845160042,0.9065305958363109,-2.9618665636350063,1.2972463091042508,0.4544981367039236,-2.05331590060734,-1.2499267309205053,0.38499708307729885,-0.6214478998723001,-4.0070815930172,4.200033005781885,-5.408096806373853,1.2662485206037786,-3.221116695449254,-1.4393830755967543,-4.036577276446021,-3.734716434942065,-0.6321892804102714,1.2427246867224233,0.5752690551201108,1.0532430655065281,1.185914071436238,-0.48788847677071606,-0.25674995270338735,0.7906855047963839,-0.45638263229539994,0.9720185510137562,-0.0608619840611571
1,0.1614330003696598,-0.9851454781872024,2.462544231468844,-3.2086901837565676,4.16607357000639,-0.40028608048898073,-1.1679043378535658,-3.0989006624475617,0.5689380751250956,-3.1528039334787943,-6.138313268666561,6.8788091108553235,-11.111386543186907,1.7198858635607497,-10.898914158582516,-3.0580488461367312,-7.146055589163805,-13.713257927647447,-4.117800245265093,-0.623479304525658,1.2225450804610418,1.5482320808890717,0.9290960029171782,-0.8515616226286754,-0.7156149751541114,0.7264054417816064,0.41081821086438025,2.1546727520566056,0.6908809895327722
1,0.16273859164090554,-0.743800478103109,2.265059464772687,-4.883434132020574,5.25541510759317,-1.1229011713585275,-1.2472685114233042,-4.653829855136947,1.3522082480436588,-1.9978340343044863,-6.251686337458146,6.687291099501818,-10.408079376516193,1.845171921702166,-12.385687773326286,-3.9793895732366207,-6.897681984215256,-11.480475681374513,-3.718046026202524,0.08023834668698257,0.6869127911230307,1.304108667045972,0.20027479993770642,-0.0715881852397494,-0.8998023056689987,-1.4536538340662986,-0.011099292418759071,0.7882240607925423,-0.9802199196302813
1,0.16337032935279866,-14.657344748976232,13.357750325243751,-18.37148760702351,8.365913273699395,-13.753950972643585,4.859465947346452,-35.20939571866724,-34.36533112265818,-12.124330071309746,-22.581908345093158,3.411299573678027,-9.135653139949572,-3.022544609802465,0.8309879072660933,-2.2968048025117884,-6.459752041208974,-15.344682804920453,-6.433442729014615,-1.1068766220422965,14.345135196479353,-31.037302365219016,11.459655720931789,8.753542200633163,0.03938642409690094,-2.929621425726614,-0.30115575879328244,-14.078024655065331,-1.3303747680231381
1,0.16436005176809784,-1.270420474868168,2.6397408786080456,-5.128704258672012,3.788512777495319,-1.3214162288533506,-1.8353204895329478,-4.012816526570596,1.2432613203697023,-2.683249526930097,-6.589855227665161,7.1946421781150205,-10.187148968981974,2.152325787749156,-9.371071422186493,-0.5175773821329843,-9.29338627687517,-11.521567582392235,-3.682429647767871,4.151782701246114,1.0276953652181144,1.8048078643926175,1.4072286095979938,-0.4267311705211267,-0.6123716529122103,0.7012300123047243,0.16874244777823036,0.4582965146175886,-0.6409983478792686
1,0.16442322553928715,-1.4689271664965247,2.7672941592502727,-6.300447817593859,3.136652108545638,-2.647329431217752,-1.4096111249289276,-2.8408195325685863,1.2957733624597454,-2.2785684026624415,-6.9574774411297415,6.8600555461547215,-9.967171365239983,2.132151845090035,-9.268650164896451,-1.7970409618207401,-8.20532395768018,-12.297971930780339,-3.9036102964118493,1.8208922474772251,0.13699814144407416,1.7329570628905937,1.7917430555329052,-0.006325687127465991,-0.5958064200711999,-1.1462731319758699,-0.8106180367292259,1.4671711667318905,-0.7301508501983468
1,0.16541294795458636,-2.860934355678675,3.1624627525055877,-4.957505926093886,5.733398332674545,-1.9973695460126424,-1.1818671130179963,-5.117118359616209,2.5105009901712654,-4.1034435929640924,-6.735906268096393,7.0428576793398205,-10.663715772970285,2.6070045193698594,-10.685295180858176,-0.20884421592214314,-6.281683989470816,-10.240684239754385,-2.307663633912869,2.406211200089571,0.2951342696599196,1.6921140265113623,0.5903379128900865,-0.16203395710876065,-0.8589161280077324,-0.339431250262283,0.9569160996553133,-0.2641644794913743,-1.4531569515136735
1,0.16545506380204592,-2.548515470077604,3.1571016102917833,-6.009109458919812,5.955355817647024,-2.4890634541641012,-1.3717690972741803,-5.75083028826506,2.872863328369877,-3.527704781527704,-6.308051655224567,7.005531945666967,-10.271204753856829,2.7460670146722053,-10.564979060941683,-0.2870965644716825,-5.9232673863632295,-10.191155673993245,-2.4153000352954477,1.9169586994214933,0.12729171005525913,1.6193138743330413,0.34154385899409373,0.4715253300355966,-0.9056503271312494,-0.3349783599046208,0.8433853888454569,-0.9967977902046191,-2.674741319197835
1,0.16556035342069475,-2.8346065313508677,3.43857226418611,-6.447164302004238,5.94427358483077,-3.19497337130627,-1.1305792122512002,-5.57746877057458,3.1401518534681703,-3.531481928503919,-6.304061982272442,6.907992037780943,-10.145649412728599,2.82881307691127,-10.337190504221349,-0.28649123203034876,-5.731868125359262,-10.03487331378702,-2.401574481075843,1.874274213698952,-0.0840292491016951,1.536333992693086,0.31484629542732384,0.4584089202632058,-0.8854910195980439,-0.2012842651378509,0.8728668379744671,-0.7371988404727945,-2.8665071851425483
1,0.30498486643550365,0.38043402328277076,1.7012591353343227,-3.8419768208768788,4.121552504260197,0.3711805780716245,-0.46208570364756035,-2.357607191672636,0.650319854000701,-1.710158629872247,-4.1759146925443416,4.603452309760268,-8.514600492537836,0.7216609739021675,-7.958229152966007,-2.4577112208408156,-2.9200167505752725,-6.245615790060924,-1.141693259878495,-0.7190341009736729,0.5225377930724235,0.3877901940475833,-1.2048823678006393,-0.13450845989635846,-1.075614556033833,0.8720770111716181,0.10446529399866948,1.8753541921858212,1.1629478201636425
1,0.3050059243592334,-0.5108563946172653,2.026790097926758,-3.650112196613017,4.828000395179901,-0.21721030928335458,0.07202097845317249,-1.972707288989395,1.0769877573872653,-2.518079679973509,-4.0942429973555905,4.601236106093548,-8.769131842647965,0.9905092505672728,-7.636468170170135,-1.1622677981014804,-3.8472120064699618,-5.005274716827743,-0.5130878805433474,2.2161262301453895,1.5433613421403913,0.598697289359873,-0.9564543608144619,0.47987175116019837,-1.0857838122660861,0.19499714869115317,0.8926463740815279,2.04316279909779,0.9905162804079155
1,0.32162062618202214,0.9878766517786981,0.3940383329327866,-0.18925415013891425,2.816529134201222,0.2289825305800093,-0.07464663288886732,-0.017365861385382927,-0.1442853289328185,0.46305850048185315,0.9854041613540506,-0.4188916282069942,-2.7798741368694757,1.644916519854507,1.6389422830324845,-1.579093271953519,1.036973724653302,-0.14366061185376527,-0.12421027791821046,-2.068723348242746,-0.44680444583894824,-0.23634616758218208,-0.2631576496119874,0.3522657229454219,-0.3576289599388836,-0.26222496838581555,-0.26948693156718423,-0.12406563851219991,-0.1547548491686414
1,0.33130727109771646,-0.782568201196205,1.3521129764234592,-3.906407862255607,2.3919694364125412,-0.11117114469894479,-1.0656616240004777,-3.1352382339606324,1.2095741513062972,-1.333972245107435,-4.783344684008037,4.45405214477243,-7.767410793166979,1.1650481065996348,-5.457588768009213,-0.18752258085102283,-5.386387711146569,-5.707981764834901,-1.3533320603214225,4.333622789197314,0.6756049726382232,0.8611097852400522,-0.09761323240366096,-0.7851454757274038,-0.5943787680685708,0.09721801937718484,2.2721108983819334,1.1687419515054531,-0.3231527907772983
1,0.44754701008604825,0.4846297824195295,0.8075543059993121,-3.2022387536860863,1.2960306750175903,-0.7630861318794688,-1.9236554698198964,-1.8486795538730796,0.218450465884633,-0.8149835842139342,-4.171943786497903,2.403922179181415,-4.929143807659588,-1.206113894990449,-6.701870231602964,1.1087965906786645,-3.571374041242048,-6.0600767816726355,-2.165940402260783,0.6394004184479991,0.5507786886824869,0.417411414607835,-1.177657867201132,0.16202338925595128,-0.4647886853485493,0.04689240386197173,-0.22384540549587753,1.5491558681497761,0.9563585288456007
1,0.49945479207993193,-3.0435903859538005,3.2176852067214523,-4.4018533495444405,4.258153392164791,-1.0053002334255834,0.5033807566532198,-3.337657509046125,-3.9903634392805314,-0.9150114450747091,0.41649993506049426,4.341812043641631,-5.146855964578859,-1.187305070632546,-9.133637167456564,1.0972794516616755,-2.3566589818506913,-3.839984177427384,0.1494000171837824,1.151008824118576,-1.4483676692519734,7.564970018331729,-2.0694599223942713,2.170153703365421,0.23296317169543346,0.1494663834730269,0.9829170898290109,0.7113631782575157,4.449350077272412
1,0.5009499046647456,-3.4090149854326377,3.348440731623856,-4.7441143927272496,4.29512446521741,-1.185348824209309,0.3757572058770766,-3.7513558890336407,-3.633639023590277,-0.864746335296966,0.5204398502543056,4.227518777760523,-4.942239193364688,-1.1109618283954599,-8.857569790980405,1.0964819747443353,-2.2243883139906426,-3.64168508844701,0.14804439822987167,1.0893174504142877,-1.451099242126479,7.5740347795792236,-2.21616553186442,1.5458521497727007,0.27031958945477536,0.09118157247937415,0.9666932555272788,0.6901011081554604,4.459452693700459
1,0.5852868892024755,-1.0228556389882282,-4.335382480498221,-2.671703251663627,0.9249319250023756,-1.4911139801332538,-0.07402479943255942,2.3281082268932987,-0.609104161876388,1.3292740391508875,-1.4066317682992129,-1.3660359686530412,-0.2208955948136258,-1.5382625942709907,1.1216925353944014,0.42431672364335554,-0.7539564452844899,0.10987529376521456,0.4005635177661624,0.0706981290670845,5.153839704642347,1.6940071869539184,-1.3989691140193303,-2.884071318107594,1.0857590440728713,-0.835673004738956,-1.8549572461926798,-0.9849506416198537,0.9520696742938974
1,0.5951841133554675,-0.5482330913483437,0.2516896186018567,-1.4997350592572813,1.0854445969554984,-0.5496830258071953,-1.2537864551223619,-1.9215554831667796,0.0756649096015787,0.0044120980146805525,-2.5501700118767427,1.3994286487852547,-4.486269287080359,-0.7128895826826358,-4.809271479861265,0.6788248556946505,-5.252731022695473,-8.85891110204528,-3.0508007533812895,1.6204672174952828,0.2945176409747893,0.7291018013389164,1.1900113315260015,0.7218125965569624,-0.23813885230480267,-0.39443278326120174,-1.1178837025180028,1.2472219846481214,-0.7204471506883297
1,0.6045970052626748,-3.014726003232227,2.68872773561044,-5.692853337554422,5.5010035669163235,-3.6149975487459822,-0.900827227253093,-6.203308645255971,3.4543963100779767,-4.838550964345,-4.4920474294304755,4.134782145640129,-6.413433762479627,1.334311246702189,-6.106386549783294,-1.0142275289562341,-8.086490461936508,-14.863213688378455,-5.6613777802947185,3.4370481703429276,-0.6558469800268819,2.416575730429536,1.7451297403411568,-0.31933165379241046,0.02470090238848083,-3.6606755543036814E-5,1.1285366285463652,-2.892650808096345,-3.654703448093161
1,0.6485448920867054,0.9647344054165653,0.6498485089514149,-1.1066875046091535,2.9475020456103795,0.7357507638870947,-0.00704740280943253,-0.06442984083336019,0.05364489354321103,-0.6503705264085352,0.03878183718757969,-0.40011588659368547,-0.9301144965295608,0.058965075089632314,-3.6645813803533867,-0.17984309356521236,2.3621681461265336,2.0408677521664225,1.8859527618399203,-2.868640409780968,-0.19920294360679042,0.2773610285975057,1.0111553409688807,-0.05854625730899048,0.5519821284750935,0.2823278060703467,0.5797206944423805,0.0784595807237929,0.10871010297557313
1,0.6495135565782748,0.11457361587732898,1.81341262915811,-2.263777669281933,2.81560449963422,2.7243241788549515,0.1243293786312216,0.8886794342072527,-0.548044259819066,-2.2167747984359556,-2.090956110492094,1.8086197667818062,-1.9627655281510656,-0.8552094043254884,-7.429961919543639,1.113939532830368,2.431967350938732,7.586694061205306,1.9000073840166587,-4.523005934794361,-0.26052680462931316,0.6689202500795824,-1.3562384377672603,-0.6757516880290316,-1.7304793330171067,1.3935226435809334,0.5570511444827757,0.7028422528689464,1.2696868264567733
1,0.661327051790676,-0.5828168616144728,1.1673490022100854,-2.575663718983616,-0.05222428497867506,-0.032499912123543924,-1.3188021994389052,-0.9840958178163978,0.3052396975220612,-2.52145612479848,-2.9537530950275603,1.2606398476632306,-3.275326040105147,1.0471661185523735,-5.997266497752549,-0.7299530338072238,-4.411948337771852,-3.184903844375742,-0.12396840021636572,-0.8805614491149569,-0.32504247705528266,0.13897641090120788,-0.7323903852559638,-0.5264410786381355,0.6490583724026261,1.0904652669208617,1.6311942062247953,-0.3619676366125284,0.2308860555116955
1,0.7087494960301185,0.4641483547061851,0.8100606933379424,-2.9577713019523153,2.292136007571888,-0.3027063925195835,-0.5720457555286784,-2.026001249261925,0.5812060793190036,-0.42558078284003636,-4.192743806512529,3.539341215973114,-3.17447735122122,-0.4019460252949357,-8.939608212727924,-1.7642366369913567,-2.725482323143363,-3.0346832481520494,0.11057201599288526,0.12068464071384519,0.5779734111406184,0.7989258094273163,0.8186265815957552,-0.40374184815698216,0.5373416573736317,1.079590138437068,-0.5314481099939217,1.6170029934284134,0.9690881795995762
1,0.7113606785726101,-2.712919055988389,1.6134347681587733,-2.8034298096022896,0.27877431202161485,-0.28356094221284556,0.5130542462518157,-4.1497911086695405,-6.620994311358836,0.19613030178746643,-2.1102436406279774,1.9216805525120328,-1.945998636205049,-0.6958486012400429,-4.534086334405645,-1.8867060586630602,-2.077491548326265,-4.41108281799788,-1.0503768145202288,0.32911755819402766,-3.4282276508396623,11.79631635114868,-3.7431190795591385,0.7743645932222486,0.13082691378839661,0.5967367594034706,1.15204083169915,0.43787434491145216,1.0994414207035856
1,0.7157407267084023,-1.1601988466809838,1.777518120685452,-3.2127858773529323,1.708503371000241,-1.0961985199422357,-0.3607565733157609,-1.7186572584256186,1.5770132123013105,-1.1807992633665896,-5.03966147665466,2.908991269631158,-3.05785252840267,-0.31804725602378064,-8.202439316263643,-2.406605198576439,-2.205207988423625,-2.6900420609056774,0.3874935054242427,-0.22502716404526463,-0.04032216354668164,0.9781920468739677,1.2317070483730976,-0.05065458961593683,0.5331705911879014,-0.11204482244075176,-0.8536427087320261,1.4216001709591397,0.5334035783478787
