1,1.3138699923287966,0.5977233771148714,1.5145822108309612,-3.288475863094537,3.7956697310151433,0.7229143305836943,-0.945007887978463,-1.00048289693738,0.3001007938080382,-2.3779508317805673,-2.814653599318653,3.409976868375465,-3.7381448332583185,-0.5976027791360582,-8.58544139341783,-1.6126633957636332,-0.466156900481096,-1.7440497253302396,0.41474250708424265,-1.4304158262186046,0.29525394523055704,0.16765368672431918,-0.9827763931659698,-0.1295007159416213,-1.5922011430906537,0.649496307633433,0.14231880504933345,1.193136708725164,0.8126020140484403
1,1.3866882925863422,-0.21307061272869846,2.8462660363185557,-4.960761881822274,5.418509920435782,0.18896744260980008,-1.9866055843011787,-2.3073736513615786,0.8027650653156441,-4.176597418929597,-5.621276714715741,4.456201151045748,-7.842529681800663,-0.24382746929241214,-13.772782148044563,1.19351513926249,-3.470308554376674,-3.5427198600569785,-0.19085155687669839,0.968118512958568,1.0792699980069484,0.8470811521942323,-0.6031530404221709,-0.1446984685353256,-1.2264625739608432,-0.5992219511153105,1.0421976472765841,2.034999014302289,1.1281379920102348
1,1.3910051669509451,-0.3289325523835696,3.0293315677798662,-5.442853095474031,5.4785652191906955,-0.15668770799112275,-2.0652710767222646,-2.7151245602733494,1.1774330324446183,-4.008493372265632,-5.460481877182398,4.385084160761061,-7.613354923712606,-0.16148655038612655,-13.572743353310582,1.1956348699023884,-3.2685132196896163,-3.380691474026037,-0.21548437581131377,0.7956729634329263,1.0591941707448274,0.8001488584375007,-0.834723624356782,0.054039632728572096,-1.2485338065184828,-0.015676162227967146,1.1048177034408462,1.6449881483358275,0.5818749189432444
1,1.3969856172901998,-1.7295217404994734,2.4089305744057454,-4.602522196293179,1.1708493180572344,-0.7973224189968838,-2.7017724245922716,-2.9800955950735535,1.6261991161563945,-2.789919098480892,-6.896792281731373,2.9289639437509285,-5.998433358239906,-0.16552258855420443,-8.750778323295197,0.046026805455635436,-4.721819264954002,-7.18668011797134,-2.353838302745483,0.5332330498617711,-0.005578489794611847,1.4207690571660816,0.3612905759244084,-0.7674223096012138,-0.5393219756688764,-0.3010655440448306,0.23600248024483872,0.8773448274472199,0.8712729826736023
1,1.4396700286904442,-2.6746455077701525,0.37728509075135375,-3.815002573876677,1.185768428327026,-0.26403432256895326,-0.35825706897943194,-3.4566010346695624,-0.5820508585764311,-2.7048632862420847,-5.077964943916746,1.7433966049718796,-4.84003280541286,-1.2147345535629257,-3.0265055148821713,0.30795790407453716,-6.32186680884923,-8.584310428696721,-5.84337109359591,-0.37910832869951916,-0.2636704640312483,-0.44401610477913955,2.079699726691919,-0.3458452808982874,-0.40572695177169266,1.7131793850799344,1.7953361909392602,2.11741752156529,-2.921941886276974
1,1.480754037887226,-3.831089746780342,-0.21838961387504052,-2.5265928192712774,1.7558884100885916,1.809365744601648,1.0001262446462895,-5.483801473806849,-12.906915493503972,0.42372003048586376,-0.36220052268184133,1.0327183390489447,0.9748387424265434,-1.4605729021698641,-1.4871989726898134,0.6311072701419354,0.954985991139195,3.349617877041314,1.925027664274982,3.130454966748446,-0.6163080216715106,-8.698344720060527,3.100404444251897,2.6751279646692656,0.2319011458976816,0.3110579710423285,2.504490616371773,3.1438516768700246,0.2954963726659355
1,1.5176264623380535,1.0680085472653729,-0.45870329837233625,-0.7863187413090481,-0.5335660615687292,-0.4494303081296026,-0.24175079274170264,-0.8750449916076322,0.0981285911126975,-0.12827487974192966,0.22896752980379115,1.311161765497879,-0.33002347878097466,-0.36531823717682227,-1.903662281745413,-0.25092854711742396,2.102532481618611,1.4060540407709778,0.0447002945070195,0.519753146755608,0.04856193313187512,0.39243540139991706,1.1463951799656311,0.2274079567815398,0.9784840811106327,-0.37627420109955234,-0.2834277185974779,0.05000192254164551,-0.046866151687313784
1,1.5272078176350992,-0.7017050826526152,1.6915006373845496,-2.8666547984051265,1.6955921454129723,-1.2232854002172386,0.08341867393474729,-0.745326983607025,-1.8000824922551009,-1.8454561225605717,-4.032557814834518,1.216757621568376,-3.9136538503596148,-1.2314580382406874,-4.900924919564104,0.7386623663222168,-2.3703992511342284,-3.1595531665997822,-0.6274936581553764,0.5188233090077209,0.8433984839000099,-1.1855024930957587,0.6956717110966394,0.22098204120132167,0.6080690142398428,0.19785377842795324,-0.8589513732674636,1.1272194119407855,0.29299011648412804
1,1.5695131864082075,0.7038159855124816,0.7808251084903898,-3.300404979818991,0.9971633988822617,0.3206538379268998,-0.9956969515222374,-1.142332673061487,0.2080841461329896,-1.026183309646393,-2.968415802066145,2.8004647303680925,-3.0993955449641195,-0.7962969436390901,-5.435190742955367,-0.6705928156451327,-2.4596788212257965,-3.8466723712885598,-0.8214342802649213,0.9061693021379844,0.2933337681403523,0.5045614583319885,0.038906482390264986,-0.23322649319398525,-0.13382306875558894,1.001145928909006,1.5334449002533568,0.9641258609302986,0.5654236231963735
1,1.5695974181031267,-0.34520105484668867,0.6821063329833584,-1.4599809410993019,0.33075754206944136,-0.8118425380069524,-0.0025117274524393777,-1.8064463534794186,1.013234937229702,-0.5936938050786063,-3.181244162642477,1.7585472812092735,-2.777244348547611,-0.4209401454920483,-4.232409842261401,-0.7785477481244459,-1.8294006042632664,-5.928547066290735,-0.6048856648722422,0.32710017189373186,0.32165019937119255,1.023556539111247,1.1493831622353263,0.30577477757596705,0.05295186522742596,-1.4190048710042502,0.9769502262005241,0.954105850236792,0.5888266433256947
1,1.5825480411969353,-1.5897502143168298,0.35478844331054477,-3.5612345363732056,1.2833787652793562,-0.6090359940995976,-2.2094249293418,-1.7848332572411338,0.8864503393877764,-1.4857896755893985,-4.817921823743777,1.8942865220580671,-5.0344942281361895,-1.1328099534998102,-6.693791590032624,0.15430461227635175,-2.9095512823720306,-5.433326022597238,-1.7635200324760762,-0.043585581702419926,0.39727764460046805,0.7940884317961117,-0.37096394065925753,-0.730404441298958,-0.3032450113839695,-0.6295456377817461,1.2569119061067953,2.1922840803213406,-0.7685962659478525
1,1.5905921680617077,1.0169928323352553,0.09597004914213583,-1.703832911778301,0.2886360483480147,0.8340168850443168,-0.07257900789373507,0.18030216902397084,-0.05725610719846956,0.5259544154387853,-0.8162037264692112,0.4811745226703371,0.7294871755873532,0.3822350683568012,-2.0330645657391173,-0.9095215065152973,0.5927928667508529,1.063846147233711,1.4284786496718562,0.7290913515218077,-0.02289754142799476,-0.22375118190823495,-0.40669016173188016,-0.1155760555403863,-0.743439748677744,0.6009597883809028,-0.6005824770853798,0.007401751656853695,-0.04637872133075793
