1,-1.9880335064229093,-1.1804949993102394,1.1820900477225638,-1.0617300869716213,2.8236466837005163,-0.37833002501287155,-1.0707639267914897,-2.0510911741507076,1.1651997398363176,-2.521402904098628,-2.546060163385658,3.13706080121171,-2.9022302309609187,-0.5980491690305914,-4.474526340615306,0.4257816967283729,-1.3018492707953564,-3.3320818835440718,-0.02007035933823848,0.5122060101961792,0.16462143239107602,0.7041747700338878,-0.04829730573536789,-0.74498234103761,0.5286886995039144,0.08540402550199197,0.36878919182409936,0.6469881991317439,-0.43406055922163245
1,-1.9866436834567447,-1.553863525505584,-1.9120064553929512,0.7178638732527225,1.6164266068074922,0.9851916207294837,-0.7992550469256298,0.26317720680826956,-0.056761926944928015,-0.24662788804674515,-0.7701595421458571,-0.406163304327903,-0.5035438782838043,0.679714908526269,-1.7651154289465398,2.1857351187854435,0.760945699675813,0.7061018438295933,2.05842639862457,0.3480727645815335,2.7270388371749408,0.9008515359049648,0.6000785959680149,2.203451793278881,-0.48510706009502214,0.5367548317513824,-0.3014388783950379,-0.6262468196865669,0.10834929197861862
1,-1.8382484949330535,0.6301321575824279,1.828698620977337,-2.838971299127744,3.342685559225892,2.6257676281839375,-1.0191229526950305,1.3850593022858406,-0.41558852275693425,-1.1676885147491,-2.2477605539396768,2.0587055294433507,-4.613320729448805,1.471333378549349,-6.341931670088993,-0.37062387633083815,2.946473014338391,7.934890050779366,3.629903217311397,-3.3436394111692342,0.011753221143248668,-0.5160743082051044,-0.9703469123496685,-1.0517977108464727,-2.6957215016967773,2.856256854853084,1.1753764366985753,-0.02481524952966459,0.44471504181451343
1,-1.8381010894669452,0.00430407809071372,2.5057970089344774,-4.115869366745742,4.71494600633479,0.5566456738871522,-2.5168041701351593,-1.319008957572033,0.12945312839583686,-2.5448895952494786,-5.682970864904055,5.549458563848968,-9.862378321786855,-0.3076209415283254,-11.152998047885305,-0.697572538345786,-2.330351665956751,-1.3293401494792076,0.13893585184608945,-2.376625159964476,0.6334975033311386,0.496259948737605,-0.837890166533299,-0.8639923031298472,0.21289661290491152,2.855450684259689,1.0533702086857109,1.8230022039646645,1.5558942184042668
1,-1.8379115681533773,0.013671992051787615,2.502543257728103,-4.326852319265303,4.483868016352005,0.9633552977092974,-1.8866154790563736,-1.3653818661318362,0.2539059705504522,-2.8575667865874537,-5.552169457328413,6.617567448436029,-8.95534612134527,0.7060629226791809,-11.19749852942504,-1.507154098885172,-1.8704223583963475,-2.0561368116709664,0.9267090293571525,-1.6305809901558386,0.7623883411002073,0.504420951121322,-0.7947529909660146,-1.0722964326717728,-1.2547057584922245,3.079082851713969,1.1212070886929206,1.8260216528919004,1.504771777589862
1,-1.837743104763539,0.16827263901732475,2.248456684388529,-3.809349501703671,4.292966369947112,1.2080173053050083,-1.8165767319577106,-0.6570987658336247,0.111424647862498,-2.015520228443761,-4.7154930351213675,4.4681786049443275,-8.880856285026105,-0.8012716249812004,-9.573570308027541,-0.280804905749917,-0.9947927514030733,1.5459303383009841,0.9233323762019555,-2.9121445556278576,0.3499344824424753,0.21322304142462717,-0.8990632264377061,-0.8832798363836328,-1.1830700276292676,2.7158616111034406,1.1514612398919044,1.3143350123105053,1.225371924396275
1,-1.8375746413737009,0.16156646447634113,2.306705531088661,-3.7033143171019542,4.27119848972387,1.1259064389181563,-1.9901038062435104,-0.6034956327283617,0.04654102544975067,-2.4381986209452227,-4.554807996459849,6.308398620413305,-7.526141050090786,0.3881868272960646,-9.651956864795638,-1.4914967010303704,-0.5733083220440753,0.9235767621913358,1.7828079750066237,-2.221038549157591,0.5036911468794606,0.2843048444034971,-0.7051762673648501,-0.9349101133610971,-0.36299261851554654,2.8291141653471508,1.0185924356679374,1.2854990665128168,1.2194764716907973
1,-1.8335946937887744,0.5227333739097606,1.2120622425800314,-3.1457506749194954,2.697426412223009,-0.9213979129084605,-1.3020364139956355,-2.472933662295904,0.745011254303166,0.37809094286226863,-3.633025798382652,3.4995743070140346,-7.192207979486394,0.14794173790596385,-5.476046106225198,1.8336144006489445,-3.014515312286709,-1.5448058487172398,-0.467344138604637,1.3737222090336008,0.264796232878917,0.4673547013653952,-0.07468050574221709,1.1364296551070134,-0.61457660768818,-3.8982494151286606,0.7605924925235431,0.9790375352345028,0.06121356824822497
1,-1.830414947305579,-0.8094713570520051,1.9751549254544247,-2.7287159696057537,1.6647734343277045,-1.0179671110415494,-1.4107042530721543,-2.8402806744734206,1.268979547894975,-1.0987923002770907,-5.725833329480593,5.340145063430082,-7.339588414433823,1.3676589552511262,-6.893501050477313,-0.5255783394513334,-2.9700129685915764,-5.692817077713404,-0.6597980874391685,0.4323489567151171,0.40984246642122724,0.6828150205485951,-0.7535739227476331,-0.12263993545817434,-0.7026387751793927,0.23719471507958484,0.6677044125517346,0.6541312389857344,0.4023740896794309
1,-1.8262244204833549,-0.9104180262780338,2.0606685686988704,-2.521178141932412,1.8542489100150936,-1.4319315759903126,-2.0504038772673843,-2.7730845727030067,1.1832398881653152,-0.7071911208109631,-5.693983544952127,4.278108571041872,-8.249865334216048,0.3474035213393351,-6.875226414446004,0.2901474013382902,-3.4561457642398943,-4.962097916095739,-1.4479174719173304,-0.32605510548051675,0.4722764762437029,0.6181319057540393,-0.7958186527021397,0.07361015353326218,0.7623265308618237,0.08468846324975596,0.6339441014298252,1.3155083526465752,0.7384380018689438
1,-1.824560844508703,0.4377006920485896,2.4791968412792023,-4.8962124427415885,5.212530036412604,0.705212849058553,-2.049707699614103,-1.2096899424201482,0.45465299643483836,-2.1401106977439923,-3.6223963559475454,6.226126953357357,-7.315603133923101,0.7520056702842479,-9.449248802197909,-0.7089857930130177,-1.2246674747822848,1.794933550936117,2.184942410820416,-0.11022125884126721,0.6269137508439991,0.5105713852506888,0.20035799360888315,0.38529861562880374,-0.3874362596971745,-1.927728727022779,0.9037915118692258,1.5319006730085472,0.4497931920484924
1,-1.8195280007372878,-0.9257607355648719,2.9781589009855973,-3.9084059591303815,4.026864174936962,0.8725937594017407,-2.278172137724241,-1.3850246044451198,0.46992674860139205,-3.455534344708185,-6.846540243862508,7.238144211602827,-10.483619368695855,-0.381116260415191,-12.243692322590794,-2.28007878105282,-2.787275575163398,-4.162693316690456,0.15552879456223168,-2.5446573273484443,0.7480066505585145,0.8381521963480586,-0.5600483876406986,-1.1802501704757584,-0.46172478660307137,2.123182193912903,0.6716464184282476,2.21678941490411,1.7253816292490722
1,-1.8186225100169078,0.1606156205620339,1.6112524216619544,-3.904387951383224,3.194157723914929,-1.677259067758459,-1.710129170625239,-3.786344191276705,1.0066307648476833,-0.6323288183617468,-5.075344585885678,6.527249428849701,-8.53229387169446,0.7462734675078068,-8.01034492609628,0.6479417957574753,-5.11056171285747,-6.880986347356927,-1.315633536210359,2.6747926019120762,0.7299109680206622,1.0119687223732532,0.08824353080076512,1.0854859308699645,0.13705666696029,-3.6660621781766594,0.6681271583780961,1.538200309801163,0.5605575915365458
1,-1.8170010498897153,0.22841542717343066,1.5030250884063852,-3.733424687860445,3.1471357678841527,-1.7705414430902409,-1.640089704927638,-3.812283267161653,1.0464289432940999,-0.6538379269072142,-4.950489856440836,6.32322570650211,-8.49214338509569,0.6382989781637277,-7.323123328256632,0.5897580859365691,-5.306541671866123,-7.403855097632102,-1.597891539380918,2.7799461554285707,0.7129278698099344,1.029311312897661,0.1931482890370155,1.0655797871369699,0.21706374802037454,-3.6606580430190543,0.6942957927720887,1.8544978618334893,0.5314237994525766
1,-1.8151900684489553,-1.1078457312258738,2.204106751543024,-2.973448190315948,1.9286203473142185,-1.5379109725450806,-1.7571656065363372,-3.4235570570013176,1.426329391023056,-1.1880969414300255,-6.168648814435277,6.224691270642429,-8.6085382324041,0.45206719365031195,-7.830395282026001,-0.47861344644137627,-4.21627424856455,-7.423159454799236,-1.5123184586014526,0.4397663981348976,0.6495831850593301,0.8782618342350406,-0.6938531764920294,-8.372393566779039E-4,0.11837901716015009,0.17650386645960692,0.6397370215398019,1.3690470704519746,0.905695731979311
1,-1.8096307765842958,-1.3589689845250112,3.546522781358483,-5.0477192976353695,4.505893550848941,-0.04398650199583432,-2.3505390556743264,-2.508763442497258,1.489086423084799,-3.487209667099974,-6.604783414685656,6.958861957185871,-9.936652888649144,-0.06781899297215617,-11.396052636939773,-1.8550062890037746,-2.715454861010642,-3.2673939330348163,0.3266609679632382,-1.697937619517672,0.5176866076821774,1.0003433869528477,-0.6006628218775594,-0.6161585970827409,-0.4722489072601174,1.9335852592457412,0.8568500861569031,0.6944055606473158,0.9207891378479598
1,-1.7621872744211233,-0.7283549667844431,2.508309806800138,-6.466010414316951,4.708265176868261,-3.4410768845395427,-1.556089193432364,-8.15617257383024,2.33712346915393,-2.957788466025275,-10.488564526343955,10.632793358046843,-15.981998947710393,0.5492868476292045,-15.325289154118165,0.9967475603960836,-13.953974839696697,-21.884596389891648,-8.2569439836993,3.8904753065892703,1.8298538556449377,2.53998781160834,0.5619527637330993,0.9701344058747503,-1.2702933930405031,-3.350111952353823,1.0410872561553426,4.898668530585475,2.1558432606441165
1,-1.7517004284036979,-1.9866274154792762,4.298971617477674,-7.5359930340525025,6.079357964499138,-1.49662360057909,-2.240755118006404,-6.578809975926524,2.4899954551583843,-5.709647062263018,-12.116858218483765,11.383947847498106,-17.64572933174896,-0.3568815531803958,-19.635099060559742,-1.4018451791224293,-11.447738902355216,-17.928140538542003,-6.349522049535454,-0.616371708584507,1.7934577064387123,2.3921454952501526,-0.2614152932527514,-0.8145115721534717,-1.9637018321012274,2.2800471630904977,1.2550996352752823,4.6614979692133724,2.6516398704377586
1,-1.7515740808613192,0.4692602695803918,2.5432194164095585,-4.9698894956853685,5.2455104552654515,0.8101575360102046,-2.1667717940543083,-1.0840233530726475,0.3047122056251258,-2.005428678578102,-3.800200534557892,4.4773807198637225,-7.635280597198714,1.742153524174307,-9.848148121132132,-0.02551401985712429,-1.4082241166384635,1.9215124272355382,1.5697616555937206,-0.3527949275358513,0.6945365448822038,0.43033876081264805,0.07603583469961357,0.3373993857688576,-0.6900365531786272,-1.7479919582022112,0.967438013173724,1.5543703238403483,0.4782173978545646
1,-1.7419295517930844,-2.397923894456851,1.6313560297686296,-2.951443229378078,3.8617243468101554,-1.1278858845498316,-1.1629937938943709,-3.3176326222120993,0.46379512006343265,-1.36394228463942,-4.220012691975341,5.168460643801059,-11.358119187113477,0.3763283337575828,-8.490242472318888,0.5993250967638408,-7.593248620450081,-12.064436881235194,-5.000229756772301,1.2179834565403531,-0.20620789650630145,0.7813210697100726,-0.11046264814639992,0.5098937088306509,-0.4059503419434592,0.6488648659583591,0.06692009604814758,-3.7372129366854625,1.8421889751378187
1,-1.741887435945625,-2.413708625086113,1.8436738504864316,-3.692231238277391,4.18697138615187,-1.587233297817211,-1.147908756898511,-3.627397186844593,0.767271901674872,-1.1896728036377906,-3.8011657909468357,5.044922209670497,-11.132929009823753,0.5456473226193039,-8.179628488031277,0.812435531402027,-7.734161262080574,-11.693570214401952,-4.883255168904525,1.8487133006912606,-0.269494183137351,0.8862737860260981,0.35136170362260716,1.0070209062493403,-0.3931809216891209,-1.2878606419047574,-0.06965624244683542,-3.299485737358342,2.137941863628459
1,-1.7313163582332802,-1.32211532765394,4.249191695946071,-9.039001553854206,7.30523044428891,-2.140534839678542,-2.2931677886461177,-7.518675189944011,2.8045138364653197,-5.146601859064207,-10.886614627339569,11.432425084443755,-17.24246249597943,0.05583552990910114,-19.292604311156502,-0.3323143522663728,-12.130648816169067,-17.002951012751662,-6.0911958261489305,1.5603996352623077,1.9312614821273308,2.5700194992315044,0.460242597095486,0.4606530593777238,-1.9589106509729504,-1.324195129076866,1.3099740658342736,4.792042711787186,2.392391994123775
1,-1.7201767165802317,-1.4703903495917432,3.1644306511444023,-7.2964967401404115,4.724988265750371,-4.173119166784268,-1.6843679545713823,-9.053474123215452,3.36142596366108,-3.1214364823035017,-10.618517299048344,10.234870008669828,-15.49145129310395,0.7379301857161387,-14.483482670008087,0.8974397662424365,-13.59368294266447,-21.31431237289596,-8.158005996145134,3.8412521720322736,1.5454759148037431,2.7267813632351285,0.4838113905880752,1.2735101690139734,-1.2852051785094434,-3.1591929465746733,1.0110169397261355,3.537167150258373,1.7667466768072755
1,-1.7002348628081394,-2.120299528646291,4.96867212506756,-9.913728593004246,7.295958215041286,-2.893999320127589,-2.4394576412533246,-8.419505292723215,3.868883319414941,-5.198517368598078,-10.834554181223794,11.049080614144572,-16.741738827931812,0.24251417246831625,-18.4871172550205,-0.42313321126727205,-11.77974412189382,-16.435300514200463,-6.001982414840163,1.4707725669817395,1.8323796926646372,2.691527884968074,0.35346615121507063,0.7781262683820636,-1.9794092676571078,-1.0101486114163793,1.316547185444911,4.031419554253964,2.1910724254829814
1,-1.66350984382342,-2.369893778781403,1.757449554842698,-1.0373858390342954,1.770858513540625,-0.6316146768096961,-0.7813007485129573,-1.2884259850890332,-2.7252504622260494,1.7375844525172648,0.9895023600011968,3.270760665114128,-6.547851013772653,1.1047591496531475,-3.4075696162086055,1.1086113134774551,-5.526248927862684,-6.204704559358364,-2.797350561554408,2.4067936322779966,-0.6040536016445709,2.6732960055391657,-0.2995918839261608,-0.8797051215647778,1.065878742975499,-0.6801714119319814,-1.2686243246089823,-9.68229115637073,-2.0335761199055984
1,-1.6346604883136346,0.5556640530365772,0.5440991539862026,0.26030253527809977,2.2390942183923137,0.12732441313890952,-0.16661869840673296,-0.018582885631852435,-0.009104139765341199,0.7828327021435396,-0.5441283033524252,1.0509616845008622,-2.5495974218627113,1.2418207858252412,-0.3445732274909673,-1.1169433905948392,0.3830432590829796,2.706819653973736,-0.19339190519985539,-1.882842317828774,-0.2819451526695591,-0.5766382575808958,-1.1035579009625096,0.12429067506163106,0.2767432647291898,0.6717766428420899,-0.24664967954518693,0.032078162246592934,0.16436570174973003
1,-1.6339655768305523,0.6074380938181593,0.5706329319603489,0.054301083467394366,2.135830308186749,0.29879203714918445,-0.16093941882372295,0.04329335517360527,-0.0923960954668795,0.8044543005759556,-0.5090003149379253,0.1517775091543353,-2.7789807729054243,1.649002312828643,-0.4757770139279499,-1.3551784895268721,0.9783981923326424,2.0098351245677715,0.6279707232698014,-1.062731065328197,-0.18605557240395293,-0.6843022570637725,-1.4432921513825867,-0.09088187659257975,-0.5625206840016903,1.0382868223857407,-0.20384685379770692,-0.007534391531400527,0.1509289116681724
1,-1.6276481997116212,-2.6895766351286508,5.491178002057844,-10.526432625341558,7.272299879061334,-3.4111650046527116,-2.5485660078734518,-9.022014674878324,4.604980887792223,-5.158583615974492,-10.678437317586924,10.803309209658273,-16.401181092302103,0.3656501036503814,-17.97445367719217,-0.47796424594762177,-11.55192734621141,-16.058680963753726,-5.9491858106628905,1.3841895523526775,1.888485526076965,2.7284519285826154,0.26327452663393197,0.9975474307467553,-1.9966507634358956,-0.7190011278297382,1.3454227116487285,3.926096507595687,2.1814409045931016
1,-1.6156872990331117,-6.240908905058983,2.334001738912705,-8.222091645961074,6.814423200185446,-1.9757091552094133,-3.3368720680428496,-17.721253713946567,0.2685913318888057,-4.035171996236451,-10.287387761699605,9.139508736281478,-13.115430593141411,0.892701047244353,-10.578202132401632,0.7794757614959651,-11.524856043097572,-20.61212565788072,-9.617574502961821,1.9739470605082228,-2.7852062648567673,-1.5790252794808142,-2.072644740604917,-30.833603922773182,0.8996455386531647,-9.17286605130055,-0.016117501780394686,7.562233178761097,-2.348004567257036
1,-1.6091382847531532,-7.389847302988616,3.93820756108241,-11.681849955521695,7.96004114997147,-3.0068170042905313,-2.5310945758564953,-13.366681280730734,-1.208980632384157,-6.203427818323881,-12.555055399241525,10.331289188381685,-15.034732903025475,0.17244833761935183,-15.717160225473831,-0.28359210586223804,-9.892982511971875,-15.075479365543217,-6.104479487490895,0.7115141989885743,1.4284810687800344,-3.370844965939617,0.4718073183146346,-5.708152017161856,-1.3508554235178345,0.29429197329586126,1.5658201752743126,6.7055327481599765,-3.0080828021634525
1,-1.6033262978037366,-6.299918954369595,2.718011180329126,-10.939520067960373,7.138580371383826,-7.549532282387522,0.09808067011523988,-12.610485346465385,-0.9693098336122418,-4.828404643440847,-11.883138002335777,8.627006011672517,-13.566988668205095,1.1709996813668748,-10.233615310665362,0.4042187878279932,-10.84758437788074,-20.653827385826183,-8.1040831689379,2.5421107184718967,-0.11090781950256942,-2.8448536205960018,2.4050073188790204,2.204813078140507,-0.9151739038758384,-3.0899893373104566,0.3187828765013151,3.00391903967994,-5.663097650225431
1,-1.60301042894779,-7.8617986581198185,4.52510034019568,-12.548644971291436,7.8860041391537035,-4.994663789368428,-1.591973521484123,-12.055155881890856,-0.6038544879465831,-6.530948151035629,-13.010811941813248,10.069222815044455,-14.99743715131813,0.34681882602729114,-15.299897629858977,-0.37839734651355156,-9.510105182147546,-14.838182765430343,-5.818218086779006,0.7427480224958913,1.4417798489591662,-3.328533753331627,1.0024735481600684,-0.5526031991311712,-1.6209940197210555,1.9092940022304832,1.6937316437853704,5.606452341789522,-3.568994127629829
1,-1.5804363347094763,-7.239097552610933,4.494243585622064,-14.117594501370597,8.424180760870739,-5.777441445960496,-1.653352805320576,-12.506442086958092,-0.2985679817248868,-5.807345481515293,-12.25908432160372,9.980871148598947,-14.575645586607113,0.5965796983940309,-15.117556994080852,-0.3074271556367146,-9.431230951290942,-14.64651355033956,-5.7709673251268425,0.9252011041127488,1.3007310306226652,-3.222277517544728,1.5584328946338797,1.587218571331106,-1.705834925487201,-0.6276494980615998,1.3161726745335283,5.380906603630935,-4.227085359875688
1,-1.5751929117007635,-7.517580235368341,4.7690484480424225,-14.425248845581287,8.409107328774613,-6.0487361734875815,-1.6984909525514666,-12.798926938177786,0.06520167591620742,-5.786145073622719,-12.179526883809803,9.859585545444611,-14.406297092518797,0.6579994270434029,-14.863765986205427,-0.33361297476801616,-9.314259491665505,-14.459496639950098,-5.748904345005979,0.8842176096565987,1.2925647409756515,-3.2161631595190507,1.5151672341201616,1.6609562709039967,-1.7111635080115997,-0.4887544207842848,1.332037216992089,5.354209695016757,-4.245245463339195
1,-1.5684333181835073,-7.796712814604445,5.042422587113276,-14.732765698528784,8.3943764048297,-6.31868886344387,-1.7446231831872345,-13.09233765163853,0.429423095705676,-5.7650748939135905,-12.100127701246768,9.73813101431078,-14.23685037566725,0.7194348055779766,-14.609706739312633,-0.35992861738047066,-9.197611411092897,-14.272343237361039,-5.7263836699924076,0.8429904503226302,1.2882222378637411,-3.208745216040731,1.4717083581711676,1.7384917516592204,-1.7168396557883112,-0.34915425385923765,1.3477511294329951,5.324771612474913,-4.2619967584854495
1,-1.5659274252596647,-8.07639780584731,5.314580611337044,-15.040165683902696,8.37993661281338,-6.587500821464984,-1.7916003847171544,-13.38653534800413,0.7940285133212628,-5.744115408160394,-12.020863035630043,9.616532894394286,-14.067320169467086,0.7808834865149719,-14.355419489254961,-0.3863546099519043,-9.08123820271519,-14.085073816402236,-5.703473954320036,0.8015561758425171,1.287129953306672,-3.200219224927688,1.428085249102164,1.8192553464194365,-1.7228112340294535,-0.20895476073361535,1.3633370063588897,5.29300353209455,-4.277550566562031
1,-1.5533979606404513,-8.637123708713528,5.855911650614488,-15.654678797878672,8.35177162533232,-7.122324759120885,-1.8876288072444398,-13.976862426047477,1.5241818886710876,-5.702468140000363,-11.862663882355648,9.372984209367589,-13.728054828665304,0.9038134997403603,-13.84628534500781,-0.43947745408499295,-8.849166472256366,-13.710250202122912,-5.656699604994615,0.7181792533417507,1.2929231933725915,-3.180447489416304,1.340435913305969,1.9887060884975365,-1.7354795380153922,0.07291529891903885,1.3941944912192927,5.223748285730155,-4.305718896271529
1,-1.545543355089247,-8.918046714216805,6.125344231682979,-15.961816870547976,8.337984291037104,-7.3885802151370665,-1.936499678722899,-14.272823835089271,1.8896478863950035,-5.681756731215577,-11.78370068357108,9.251064291665514,-13.558337513924679,0.9652919927808061,-13.59148711552548,-0.466150752690977,-8.733409281801631,-13.522720771616262,-5.632918007687701,0.6762808117159277,1.2991149954581782,-3.169438245303646,1.2964447402881896,2.076704231245198,-1.7421132074555288,0.21445794601986157,1.4094934268921833,5.18675843153777,-4.318589008029973
1,-1.540426279622913,-9.19928086087018,6.394091846879069,-16.26888911859564,8.324360934211553,-7.654193164035642,-1.9858464725429228,-14.569228505253493,2.255330167479491,-5.661107669817048,-11.704813250260184,9.129063498858605,-13.388573174550897,1.0267779782811175,-13.336560465288171,-0.49288620492998225,-8.617806910666154,-13.335125994794693,-5.608917286689564,0.6342657143259708,1.3071374542396839,-3.1578049032149056,1.2523610644261405,2.1665205804976395,-1.7489132754774108,0.3563381582731827,1.4247202476998981,5.148456226784149,-4.330784645846047
1,-1.4681344274586114,0.6087714493007289,0.8108575695699969,-0.4477329843527838,2.206191906694067,0.46603696063669586,-0.8889520177914891,0.3213873425454203,-0.21224797355283295,0.37422509560199424,-0.7896992208553448,1.101251111048031,-3.7668887328844156,0.3697238425774512,-1.0137322067345507,-0.015166934076912168,1.6634251453024205,3.074697938872067,1.5413912766248654,-1.9210567172484958,-0.24056162368105924,-0.5139435857229879,-1.225845937519662,-0.11883496868769379,0.058525138689332415,1.0562096736819557,-0.05634550937136884,-0.061740977962912696,0.2229907901292309
1,-1.4652705498313627,-8.474360260967249,6.3838881724235215,-13.071031280784748,4.2499037818194605,-9.43738796619474,-3.099058654609844,-11.412951820676353,9.344946175094794,-3.731511820831513,-8.470260996293936,6.200935636250051,-8.959361467750886,-0.13902091503475325,-10.249443617634165,0.06251796316474349,-8.606762696445031,-16.78912205280453,-6.007162104988924,1.7594584579234713,1.99101399780552,2.349624821906949,-1.5868889637825006,-1.0890253560683307,0.17861244637764176,2.046662376145376,-0.4846697411776675,4.230391683264228,1.549378967326581
1,-1.4647862175855781,-8.819757253009032,6.552188065007636,-13.430406926799957,4.2706099062011615,-9.755543453697703,-3.127482531004399,-11.64784402996954,9.696310889028709,-3.7081229503276787,-8.40647112085934,6.084858081362149,-8.785603719056626,-0.06165899060199756,-9.9882359108087,0.05384875367142305,-8.466163603273362,-16.604475700155565,-5.9849373973050275,1.7079209203932828,2.0040511457256427,2.355004185872376,-1.6647314384024101,-1.1639499025241726,0.18581757769331247,2.1470219074371495,-0.48356768305892484,4.172275448630735,1.5261016759423922
1,-1.436758121101254,-10.137540068084789,7.325047911434283,-14.815530439970987,4.319293433354997,-10.974884229772604,-3.262648081109689,-12.64943490731221,11.116335954346505,-3.617378952860757,-8.136301162312233,5.614531648719246,-8.09451207341212,0.2319213816351376,-8.949538505766336,0.0010342202507867737,-7.928941935117163,-15.86286674233296,-5.894010645539142,1.51115910128496,2.0532895972760157,2.3834930917786523,-1.942448880711297,-1.2968169565477603,0.20044160943912448,2.5903687832724205,-0.4651175921709896,3.9581158430819596,1.4448495488233293
1,-1.431535756016271,-10.482887175677725,7.493457622809518,-15.174916639476038,4.339973267656829,-11.293142728765398,-3.290995654116962,-12.88425604970628,11.467665992133602,-3.5939800863631515,-8.07249913959691,5.498467060325897,-7.920761864054607,0.30928210482135243,-8.688351388305435,-0.0076250243127175075,-7.788318020167981,-15.678230866488198,-5.871821069384929,1.459640266869057,2.0660332407844773,2.388772395743915,-2.0202765245915315,-1.3720330113085897,0.20767341900525366,2.6906741936240413,-0.4640039720640694,3.900210014189889,1.421464120791739
1,-1.4309040183043777,-10.828203534880833,7.661935025641532,-15.534309344070918,4.360636896955996,-11.611464723246788,-3.3192961943041976,-13.119033387011132,11.81897465581087,-3.5705750584120075,-8.008689629391355,5.382410464379878,-7.7470163018861715,0.38664208756845564,-8.427176961970233,-0.01627812657025976,-7.64767880526639,-15.493601448464796,-5.849653148034943,1.4081329609087117,2.078595970434964,2.393990023496003,-2.098095026918091,-1.4474287495426474,0.21492167283941715,2.7909462442451236,-0.46288322523671904,3.8424338777756897,1.3980120381638443
1,-1.430145933050106,-11.173492220532971,7.830473350784594,-15.893707903246627,4.381285941752753,-11.929843863667907,-3.3475544049534074,-13.35377129973583,12.170264082789432,-3.54716448515268,-7.944873380444576,5.266361061636463,-7.573274922187896,0.46400140392035616,-8.166013957648135,-0.024925700752435918,-7.507025820407624,-15.308977842480662,-5.827504716008768,1.3566360305583516,2.0909958776132456,2.399152142656239,-2.175905301846355,-1.5229862029026062,0.22218472651481522,2.8911882711087333,-0.46175606436098077,3.784774464591628,1.3744999663992834
1,-1.4294720794907534,-11.518755910719785,7.999066702531193,-16.25311175043085,4.4019218134505635,-12.24827461977665,-3.3757743824714956,-13.588473603162164,12.52153613468515,-3.5237489032278906,-7.881051044892824,5.150318155979274,-7.3995373202046215,0.5413601183669149,-7.904861269983043,-0.0335682818342814,-7.36636039816818,-15.12435948608037,-5.805373887242797,1.3051484717267006,2.1032487193327842,2.404264125023843,-2.25370814557616,-1.598689721537573,0.2294611477887444,2.991403179739779,-0.46062311015121354,3.7272204788411782,1.3509337108983848
1,-1.4245866411854466,-12.209217393957548,8.336398476161094,-16.97193338591252,4.4431588277671406,-12.885272209715753,-3.43211354107108,-14.057784330955924,13.224034431440131,-3.4769045347148206,-7.753390327285315,4.918249473346748,-7.052072075668515,0.6960759604186705,-7.382583093112261,-0.050840280369828426,-7.084996764231148,-14.755136613091613,-5.761158638305951,1.2021980607945348,2.1273666847442265,2.41435591094208,-2.4092942416943495,-1.750481839987084,0.24404923218728128,3.191761503479693,-0.4583419283965162,3.6123904523926558,1.3036583518643785
1,-1.4234073974565795,-12.899603566182915,8.673896044232892,-17.690770954095175,4.484356151707668,-13.522425317051091,-3.488337503743123,-14.526987768396463,13.926480377296288,-3.43004507515778,-7.625711270816064,4.6862003663506195,-6.704618213338616,0.8507899889374457,-6.860336000195058,-0.06809723475892453,-6.803595656627657,-14.38592955703074,-5.716996427763505,1.0992758861265157,2.1510415438384003,2.424296635355199,-2.5648579477080777,-1.9027140512132275,0.25867759298659027,3.3920381203371,-0.45604329140162925,3.497878077432479,1.2562197379364348
1,-1.4227124859734972,-13.244772333114497,8.842698366057279,-18.05019488312114,4.504941996994,-13.841052089877936,-3.516412286394218,-14.761554841273437,14.277686445246744,-3.406610472229634,-7.561865820657344,4.570182134151817,-6.53089495767776,0.9281464175768066,-6.59922249126314,-0.07672085394784794,-6.662883001954464,-14.201331136549944,-5.694932449473808,1.0478239167528043,2.162735886970512,2.4292182172840735,-2.642632570577035,-1.9789722701187662,0.2660047793073275,3.4921500442516584,-0.4548883363162104,3.4407244649121917,1.232447713246295
1,-1.4115096705492594,0.1470516419744674,0.5847987146552569,-0.9625674817538434,1.3573762497049922,-1.3855619723568926,-0.8483888100886575,-2.2749027271673037,0.5431094630537598,-0.6328450327031327,-3.1828956392093195,2.303902439606964,-3.8297705323544546,-0.771215784968836,-5.062484510911913,1.818897414537274,-2.9869983456762506,-5.693342493220476,-2.292781581406524,-0.4740364297203246,0.4292472866444438,0.8211143203738005,0.5245832049936636,-0.10268913591103233,0.4480836967362523,0.6469102497431057,1.2984692924099577,1.4000999055519707,0.9268140062938913
1,-1.4039498759302718,-13.858061074300743,9.305245274683058,-18.735288081214424,4.499645407888192,-14.553856453656776,-3.502531347708546,-15.123764034373162,14.990214170499794,-3.388109002820583,-7.4583071536824015,4.330258452023614,-6.215916120703014,1.0688905937509432,-6.0959371927361135,-0.11890608146628291,-6.398389379570449,-13.841708724212278,-5.6252551494281215,0.9625798331807741,2.210189813333939,2.4462502356916636,-2.702181263095111,-1.4448461215863164,0.23778154413851935,3.883515742957235,-0.4234819258722262,3.3004166273816518,1.1690729199940124
1,-1.3937999566925225,-14.217740961526067,9.445975295157847,-19.075819452720904,4.533226549595251,-14.741033884141457,-3.624045420780811,-15.529083791545885,15.346751921782138,-3.3393721295362266,-7.355627655531212,4.21578176744721,-6.013472977845931,1.1443788996736568,-5.82149224528674,-0.12098259922138276,-6.266550422464839,-13.6442461297469,-5.62581995995396,0.9023811246798913,2.2023662341922785,2.453496770962722,-2.8426808073918255,-2.033509054823676,0.27311199486958654,3.8357696895566935,-0.4376753834977412,3.2822229011026014,1.1757362495871206
1,-1.3931050452094402,-14.562913554152962,9.614769194853876,-19.435242572387658,4.5538144110978,-15.059652756899585,-3.6521260552257315,-15.763656314624484,15.697960649085845,-3.315938293212249,-7.291783136961306,4.0997625408331455,-5.839749143984732,1.221735420437983,-5.560377157332971,-0.1296069826321421,-6.125839671402079,-13.459646905788043,-5.603753287387177,0.8509277209430067,2.2140830865125913,2.458426026607166,-2.920456567647133,-2.1097449176247243,0.28043713520486097,3.9358857640678924,-0.43652131511438574,3.2250531523259536,1.151972518019838
1,-1.392389075802628,-14.90807291084385,9.78359223297925,-19.794668492232113,4.574395297003303,-15.378298961892884,-3.6801864439473224,-15.998209981387125,16.04916017570124,-3.2925018046321846,-7.227935395330228,3.9837467546438132,-5.666027310550145,1.2990916224732725,-5.299267532394557,-0.1382287220290625,-5.985122334329739,-13.275050461659651,-5.58169593633618,0.7994792797391215,2.225722062747396,2.4633287331408744,-2.9982283928339926,-2.186058126880486,0.2877693541312243,4.035987478566798,-0.4353641789666486,3.167939230906074,1.1281800943496068
1,-1.3916731063958157,-15.253219977022802,9.952442328217689,-20.154097012241387,4.5949697055686896,-15.696970546818799,-3.708228033068687,-16.23274613871357,16.400351158820495,-3.2690628532428807,-7.164084660856643,3.8677341631345983,-5.492307334654537,1.3764475285458933,-5.038162980256162,-0.14684800627027528,-5.844398881677062,-13.0904565988024,-5.559647240978428,0.7480354466015904,2.2372887254742446,2.4682067869288917,-3.0759965640287144,-2.2624431578441992,0.2951081460350315,4.136075858768549,-0.434204194180559,3.1108771491746605,1.1043610280123344
1,-1.3910624266076523,-15.598355610167348,10.121317592863459,-20.513527951008736,4.615538088701413,-16.015665740984353,-3.736252134189846,-16.467266008192272,16.751534194501396,-3.2456216108682385,-7.1002311423435085,3.7517245434208366,-5.318589086702175,1.4538031593043916,-4.777063147001476,-0.15546500664571225,-5.70366974011246,-12.90586513712751,-5.537606597428343,0.6965959000374136,2.2487881198216035,2.47306190793023,-3.153761336160992,-2.3388949996990105,0.3024530523364589,4.2361518349729765,-0.43304155949832446,3.053863290409222,1.0805171777987488
1,-1.3748267674119996,0.5630309001068359,1.7132915076000321,-2.5938098511738077,3.3249552875001074,2.128584651349418,-1.35175708091769,1.3521507678812368,-0.2513837200923152,-2.5331646518854045,-1.7310429857241765,3.7156104752671197,-1.4616409687212175,-1.3190119279605845,-7.383064295447524,-0.3271731713821721,2.8453338267412707,7.352791174445016,3.545500990640309,-3.2921641423539207,-0.04005580964886393,-0.14566519462623206,-0.3445641517090571,-0.835325244530339,-0.7412737981988965,2.477849773984941,1.0707147588632004,0.022659963165399217,0.4644825149275267
1,-1.3747214777933507,-0.5415226520678439,1.5797071982169226,-1.9598841945790553,3.0794503699001115,2.7088342360335287,-2.0479314484317994,1.606685093998728,-0.29919576865814074,-2.5099752507046778,-2.1453257388316964,2.068672111230615,-2.5940258162389687,-1.9598546009207993,-7.627400509199585,0.08494651168418207,2.6140990646673137,7.663957404104693,3.0661523303317435,-4.036845646061581,-0.11552575210872654,-0.08599853375766324,-0.2857726363256678,-0.2934712425135603,-0.1711880745868093,1.7191974443632976,0.8448045754912277,-0.3243508456382263,0.582209825175682
1,-1.3700466187253417,0.13765004411765544,2.149665668045334,-3.832049111285826,4.103050152855344,1.1148808376568295,-1.7032743087411584,-0.6662428627886773,0.2939420424985964,-3.4215877112672324,-4.2176597857852745,5.3682092623904945,-5.662389517289487,-2.6606543790702566,-10.833460794563157,-0.24685114389760915,-0.8010063661621124,0.4824192624440997,1.1210117072000807,-2.400744661302148,0.40279556190489096,0.5052547710908174,-0.4441082998382664,-0.8805313202728429,-0.859625845603028,2.643910964399978,1.171056926635783,1.3706916367303579,1.2190885127974171
1,-1.3469039605463242,-1.445343896877749,0.5363374260312738,0.7913788912808837,2.0208777239631712,0.23305205842053606,0.21764829824579018,1.4289650799297868,-2.0522024599620443,0.06347523414351319,2.9802937017310627,0.66158559808753,-0.6776386924783042,-0.2237991424267746,-0.9532576240473651,1.751673430292443,-1.1691874631182133,0.02595582683095257,-1.1223013906802024,0.5954983699282781,-1.3190970535500388,0.7441421771953178,0.4615827542666752,0.27560755997000136,1.0296283362176304,-1.011197806912006,-0.16426867694409034,-6.274147338309077,0.9427235330767596
1,-1.3070413109258692,-1.112545848859348,0.012243595053581576,-1.4395577397272419,1.8165886453833058,-2.6544091382886825,0.06122483398159489,0.21667657295008194,0.5529677086870323,-2.1608976778036304,-3.29045973451738,1.9357297074347428,-3.503346219249068,0.17149175729171903,-2.8541181965021476,1.8247840249645368,-4.6177309759398355,-5.980532605112128,-3.086298033034413,2.050590213019885,2.5397589572054904,1.3973987138417394,0.4128612145378288,2.6531757546156904,0.5422846007525216,0.20422308325413985,1.4345436925267723,0.4875210048321187,0.7303780800655219
1,-1.2752227881701863,0.275324458024926,0.9416123140949721,-1.3626889629631689,2.289494386030515,0.13384276231024403,0.021264147634111247,-1.2250682104370783,0.44964626121151796,-1.8203086967088702,-1.9591134201225167,2.7002465033802285,-2.244660914949672,0.6181264502577511,-4.853779759064776,0.24271858323249929,-0.8852095014443886,-3.789571937578801,-0.44261952097372315,-0.8429530565061003,0.3926907294598016,0.5061428959769805,0.1542711147458889,-0.48878306078331246,-1.7400185165699575,1.479395171997187,0.49951294719873934,1.0366738848094073,0.7033683557072066
1,-1.2672628930003331,0.17026639639915458,1.0294117355299257,-1.7124861692546123,2.573651065303122,-0.42388699632679855,-0.4913862395945488,-1.8396283909848423,0.5653522945108644,-1.8590568484398171,-2.6035512214117973,2.7451496838209044,-4.396251042391367,-1.3761773517760816,-5.557396613964853,0.17825455461163328,-1.551369339437557,-5.999022110576097,-0.4032723021312083,-0.15249635225952413,0.4272040491763508,0.6387984042638277,-0.1989287504891477,-0.509210104342001,-1.2707824434048933,1.5497601979002198,0.47314790234339593,1.3651102131211421,0.9254451510961387
1,-1.2472368075333216,-1.0307901103996868,0.9030852051761389,0.0034438962299581906,0.5772108511207346,0.7051304078454915,-0.4798343520168483,-0.78738965957974,-2.6348447001948463,-0.0028754660145172053,-0.11172655321418808,0.023875122475480435,-1.0746723701541288,-2.0122822078495286,-0.9341115087960268,1.9107492377409683,-0.11814763393154602,2.391511453497744,0.37891664155571453,0.47511311236726367,-1.3360138242152242,3.865906406792527,-1.6335157408057142,-0.22869688838003124,-0.1421671038230125,-0.6313594411622971,1.0858001132287947,1.551619056194428,0.46182349192076655
1,-1.2433200337195842,-1.643418878761275,1.6402386568261698,-2.152043887595809,0.9618606973226766,-1.1923799738680834,-1.390846906913406,-2.4815936386646618,-1.5044791253294783,-0.19420192991958005,-3.262149065964877,3.7030546999872307,-6.9903663192727326,-1.1463967991218273,-9.782952066336417,1.0067180216679188,-5.309060236670934,-10.707465448027314,-3.6776937005780383,0.16256071851648893,0.7415189199171329,2.461295190577779,-1.226982284207399,-0.5217544828153889,0.20315431125576291,-0.17843434402333072,0.4813218064797509,-0.7693125487145974,-2.257902826790163
1,-1.2406246194821737,-1.458712866243172,2.4499409340325164,-2.7682059679013986,3.875506781574389,-2.2248062488773397,-1.0678673779978498,-4.568226421594603,1.691008524958789,-4.565222371409175,-5.804031744797927,3.7029103582865748,-8.08356344428218,1.447733038556193,-8.232796541901525,0.5795306898248738,-9.07738407881755,-16.79554750053787,-6.885276021755589,3.552863475119125,1.2732891178595844,1.4707819069662784,-0.7735757596252614,0.16442775985044267,-0.11094719072919972,-0.9149282475255397,-0.21507824193470793,2.8911535987164227,2.0105025127369074
1,-1.2404772140160654,-1.7966218725644347,2.507632127161528,-2.392875028305614,3.8885542066091694,-2.9396697916322565,-0.6800019006487141,-5.377154007450462,2.2058210638033953,-4.2593060055442,-6.012081295037872,3.4664084376870847,-8.048727059055555,1.7055725070318069,-8.398810657565543,1.1694969411186438,-8.440451398710616,-16.871571872245944,-5.80787038254246,3.026688920568779,1.1657745991632413,2.154536381036175,1.0730466282638664,-0.21731968807636765,-0.007063202337179915,0.06274236031145829,0.7507142467466331,2.232047048729875,1.6810863611963514
1,-1.234917922151406,-2.902453452735186,3.4981507535026135,-4.65949929768889,4.168978617554922,-3.4164703985639964,-1.3177771546951667,-5.625032228212248,3.2467807346881843,-5.044034860050764,-6.88995451885647,3.6020992598716983,-7.649105140592759,1.6978919359587106,-8.658159920456349,0.7068569679295001,-7.75210796196608,-14.218092884595595,-5.824775456762275,3.226656577356691,0.3884802650604865,1.5365638614254284,-1.3269386098580642,-0.17622461768191028,-0.2934606014510088,-0.17107102197538404,-0.10253844906477595,0.7517856419866449,0.6646226803172599
1,-1.213923172192825,-4.045500376448709,-3.1480302288588997,-1.9785782595530044,3.1222346767407374,1.6462259228811424,-2.5478969066274466,-4.270852761611383,0.11020122549181073,0.599088257688481,-0.7301239368349441,3.1997943212161277,-2.721363034011675,-0.12469345371662054,-5.502711484783211,0.6976564547344183,-3.41891670846263,-5.531892930020311,-2.0423798844914978,3.716358461384568,-2.8145599525912077,-0.9997075539046104,-0.8266859902269285,-7.860083062773986,0.6772441848067845,-2.239998890806513,1.0793849095595922,4.799972322189069,-4.703648239641769
1,-1.1599727715971535,-0.492454711082844,-0.9952976528476327,-0.1238097669326733,0.8180527235190677,-1.7810873238302949,0.6396769869673676,2.2513797174357517,-0.2542038211188665,0.8556159887233421,-1.8049434569960867,0.15650216899151842,-0.49109043876558917,-1.1875913518721273,-2.04348881389992,1.2593959849236902,-1.5306902059345517,2.941505019153548,0.9280058842256891,1.7272449476680358,2.3146900283666954,0.6088036579400882,0.7388778881350674,2.6167610356501503,0.33656434210099867,0.41964020955254616,-0.46012813844702977,-0.7644460333682987,-0.4983600338710792
1,-1.1524550928256256,0.5532735515281128,0.7142839873270336,-0.8878142198834316,1.4117326603799316,0.5926734634599011,-0.5790268721848303,0.18616843393432622,0.07843853810565393,-0.152548462377376,-1.7998926577263294,2.747432066549324,0.312674422322179,-0.5988073392498713,-4.863975054536495,-0.32722638089171524,1.1428386620121227,4.5951505029724835,1.9323049876012566,-1.090964174991396,-0.0780343634886768,-0.42476509923856665,-0.8814929845380555,-0.1925650465885847,-0.2975627562950835,1.1688265234094657,-0.7040771858023167,0.2395779863662345,0.34831247094163503
1,-1.140325728757278,-2.270313922946794,-0.008958461077280983,-3.3809062312357,4.905216693119555,3.8176251162183217,-3.225458196946256,-2.094624236696043,0.28690951902787815,-3.5322742670272853,-3.6520484698923075,5.613815303238571,-5.035898703546571,-1.140832414141909,-11.252992795782534,0.2900164458918719,-1.2601606420461193,0.749306584865671,1.1860311741953231,-0.8460534378775357,-0.14010002115803158,0.33751552538637414,-0.06832873072930176,-0.3619403186677155,-0.6624919474687015,1.6423578017408067,1.371291050562902,1.2203194977765395,2.9442148744194663
1,-1.1386410948588963,-1.2138367637630154,0.31522895371902665,-5.338253550750401,5.654031503330492,1.913248395883844,-2.5382164452554723,-1.5636454989823219,0.47081821278887953,-2.825361343324207,-2.8022375620894593,5.61937838846147,-4.751495430267384,-0.78794832369631,-11.17922718340995,0.7172584357439125,-1.3038122834691244,1.0815404869677123,1.343795240032979,0.11421254964422817,-0.8233591786142249,0.20187830351878028,0.9936602682004969,4.2617527310023755,-0.8397973893707604,-0.7705241350399672,1.2185386378338596,1.239561372565872,1.671580223760814
1,-1.1349349002824567,-1.603242854038906,2.0391998579838964,-1.8327631408701843,2.7260351127798232,-0.8400819722296321,-0.5415967967753056,-3.3912946556613455,-0.5009799838881593,-2.612475858796997,-4.85890663542248,3.746174187247001,-7.498277525006506,-1.5316081838615252,-8.896028203040018,-0.4274099943507646,-7.0537750573923015,-11.419325557291115,-5.748483128953186,-1.07068778246785,0.10089383474083183,3.3386829591012215,-0.40369637517002754,-0.3031908674406528,-0.274883517850662,0.07297389366238706,-0.03209393452959211,1.9242569393815243,1.2044178890845814
1,-1.134913842358727,-1.3991388082158065,2.21527416943147,-2.7110497395126676,3.771713800632132,-1.932103424693778,-0.06964196591799117,-3.5475945557407838,-0.23454809434693918,-2.5685573578609846,-4.101844116475001,3.889248666190884,-7.352601548765352,-1.1688374687985383,-8.58086898833295,0.9013316382952486,-7.729365599176238,-10.379625803955983,-5.450962760765107,1.3839614039179324,0.2403937986219924,3.2912465879505652,-0.1346450493768128,0.6119767430718484,-0.255523059014757,-0.7749350269011667,0.5762750954631409,2.0564823353867956,0.6625323059842629
1,-1.1307654313839623,-1.8382383921347052,2.7366507608984842,-4.181944755726435,4.389375043820174,-4.223569400430693,-1.8600563543971407,-8.0336920511825,2.369560129720256,-5.151107092239987,-10.37624903392708,7.105783665979282,-14.286526277033273,0.1898005691891043,-15.18469581330057,-0.3695872650043426,-13.861936026456226,-29.626451759633717,-10.78873502169796,0.9674950935755338,1.796212534866074,3.0819609508379844,0.855379771263237,-0.15064021346748516,0.8861927319483676,0.7637823815866999,0.01716328835274366,5.087617781227413,2.5319383347232
1,-1.1303021570619074,-2.3462679102164414,3.0785882289433903,-4.9998370331033435,5.329623226515153,-5.034735161703808,-1.2979250085728715,-6.620522578414573,2.2729248364412418,-6.447273692414558,-10.232171235832771,7.232074180841645,-14.48024457132476,0.3010832857590837,-14.189753411787981,0.5638638450337403,-15.478747018045562,-28.04031362486689,-10.941104286028944,4.5077976813708105,2.1820062979966837,3.061812997488543,0.7810987302994622,0.05403724197990932,0.9771110575165882,0.6411728602087774,0.8021155487255661,5.361068777045022,2.9783562715918306
1,-1.1301126357483393,-2.713122949184289,2.5107063219600705,-5.627376272007604,5.893489318546066,-4.142750788905035,-2.2844760706054985,-8.883082068974028,2.8501916181617366,-5.61356666109627,-10.502499459138045,7.518809987783294,-14.307542677137267,0.5294418692316049,-16.11216736796633,1.0833995359193274,-14.141314608759982,-26.540336300557854,-9.528705997640694,3.6761803794576995,1.4917395342994686,3.17412345338238,1.189191077519225,-0.9839765964416629,0.8646104707824859,-1.3670141963525138,0.6732068628018761,5.562226619011299,1.5066553686725062
1,-1.1291229133330403,-4.031713347797325,3.2586453169330896,-5.573717100625481,5.624774932986911,-5.696396911781553,-1.784039424246151,-9.65953138321018,4.229373520555613,-6.291540372686841,-10.64404753200511,6.510363061734015,-13.552942892781246,0.8924670722339565,-13.168575006422664,1.0955308804017063,-14.188028533113233,-27.36444568881968,-10.135474803060367,4.242969011485419,0.8379225412007659,3.4824572064033608,1.2763917843710137,0.05251734563708836,1.053540485487859,0.6942318687715008,0.9219253354575397,2.7300207402752954,0.623958850527401
1,-1.1289333920194722,-4.302265436999336,3.779832520620059,-6.5599039560387435,5.791235480336498,-5.950463481577357,-1.8930460159989828,-9.411615039994428,4.470629627137118,-6.418006788153986,-11.264497423679911,6.904727304861451,-13.75396102570258,0.8255299300399614,-14.716830396617233,1.114885698916786,-13.521105793252424,-25.518755380730592,-9.286897017024938,3.9363088683546335,0.7314204683313271,3.304813169539477,0.9544801910954394,0.03251640327524982,0.8252495506543486,0.8970153727607855,1.001940589406385,2.9622812424352496,0.6007414483677155
1,-1.1289123340957425,-4.309142218101516,3.7229044849309676,-7.705647553123951,4.734049089654604,-5.908982368298825,-2.7894252966637816,-10.02942288009636,4.7109871469825855,-5.672665031195299,-12.294356270501932,7.451235185631371,-13.362509898561584,0.8309781060251507,-15.626509730138725,1.6746301341925411,-13.43392735468786,-23.900113411307643,-9.07819063827121,4.679304186156925,0.6754654830981781,2.9854153527283964,-0.38941257143488733,0.012920777084259467,0.6668224242153288,-0.036043000992142776,1.0839760930252658,1.96389560134468,0.20537140950412464
1,-1.1284280018499577,-4.595592194237886,4.00488172567206,-8.19364585254116,5.311186763063213,-7.437998155740119,-1.5861721148129722,-8.0707757202479,4.640128683460253,-6.720828173803517,-12.136840103836157,6.755271350470484,-13.29033682623343,0.75885106019094,-13.99655461510297,-0.2302753688000683,-12.465207772613297,-25.792506428705195,-10.534581114353449,2.275648741211158,-0.837169595144163,2.417748068987756,-1.6876906822702014,0.1322641119782536,0.7464570458361033,0.889790254656607,-0.6157444069221489,1.3044205037256167,-1.365992551889841
1,-1.1283016543075792,-5.435156555273304,3.584016411165081,-7.69729566896413,6.220481757047439,-5.778325839036111,-2.6922543531510468,-11.007106478861024,5.382145106946184,-6.706944300019912,-11.8365097955575,6.715859367125295,-13.222277673290598,1.0405314737145168,-14.374131978081607,1.1367114403028795,-12.884805050944026,-24.228376525239952,-9.005072295291072,3.830872342868832,-0.05988942970813112,3.50155210434042,0.2849790240244996,-2.670793227311081,0.9220216922311268,-0.05351831805670339,0.7346216485271698,0.6771734438164924,-0.46324175095754483
1,-1.1274593373583883,-5.964292862172708,3.8350755815526827,-8.769720492710022,5.431849786978137,-7.889828224514137,-2.0959435073078034,-10.154287963829754,6.101324815092478,-6.890692319428205,-11.788366609002505,5.686924615432698,-12.165976711932393,1.1906133076412742,-10.920867301162607,-0.45530059936254713,-12.553238703056135,-26.619476353051912,-11.332655936619105,2.58308904335228,-1.3092345909411938,2.9045476902834007,-1.752113084167786,-0.056535138246665353,1.0155333155019974,0.6695550814984762,-0.8894639620061985,-1.7217062949129514,-2.481106907317437
1,-1.127206642273631,-6.5532289856824635,3.9814647930779388,-8.434257357783473,6.205570502560877,-7.76900207634403,-2.111838061664781,-11.51802221513666,6.665144598230314,-7.02579532850569,-12.007249791255287,5.853889383676364,-12.385287400459585,1.4791980527318735,-11.96616436500173,1.0850296341712835,-12.523580853745784,-24.781288551938847,-9.533552995219907,4.091989126055549,-0.80072278657892,3.6479335217494473,-0.06522679839407963,-1.3403315171801595,1.0325327393609902,0.24145492741662966,0.3683408834149378,-2.0258073905553355,-1.5784826653979875
1,-1.1267854837990356,-6.62735138772669,4.069814481004088,-8.874272150163462,6.14366722863063,-8.317043361572932,-2.012746038529823,-11.33246133539577,6.880884972815437,-7.218898819159528,-11.659982943592738,5.475947982189692,-11.970446755020198,1.5459794060262309,-10.314288224281617,0.6926354645748373,-12.953182745049958,-25.561378038290496,-10.569934314188405,4.458893653619131,-1.0938860109062398,3.471135947818102,-0.7333988611535124,-0.37648011890142713,1.1115555363860166,0.4346976838168287,-0.012790384712132457,-2.93756722279558,-2.2641639689240827
1,-1.1267223100278463,-6.984639632579535,4.233249679094806,-9.081602542402475,6.141044668737109,-8.278945895888684,-2.1916336235519753,-11.797480183413127,7.219742050386041,-7.364349982834744,-11.737759220525515,5.222438202550077,-11.907595566942215,1.6035738247413154,-9.973116862043353,0.6515834993894614,-12.988277410153191,-25.35723490306648,-10.123611963027495,4.321181417595447,-1.138104383580347,4.0700612893028225,0.6856807499757798,-0.815570176603409,1.2094580846595135,0.5381550883887052,0.5807174339790475,-3.4850744742493656,-2.0105367364263476
1,-1.1257747034600067,-7.668881989751147,4.890214965705748,-10.748930156854833,4.000957502852557,-8.634814343366862,-3.1877630704986673,-11.896184257650031,7.899759664289716,-6.185337314863578,-13.890060728968608,5.915156038072649,-11.686075358327564,1.333281899382497,-12.916424283911109,-0.0782673990860271,-10.823542103979545,-23.161494803220577,-9.118949156940003,1.436128140181895,-1.2916802203455378,3.4377635680842435,-1.1465812437010543,-0.298044809973507,0.7096238239826723,1.3372978368647888,0.11619252119920809,-3.247731384851042,-2.14310845165713
1,-1.1248481548158968,-7.643030585276672,5.087744267897869,-11.124295083036635,5.828470904757227,-9.828064771012983,-2.088495700852267,-11.530057556740543,8.074193191981553,-7.010092168319738,-13.065827339704922,5.49714610748785,-11.803425879583855,1.605978822448945,-12.10832870162457,-0.04826805255403988,-10.598505494298495,-23.429757409146134,-8.969550748759222,1.5275894520660513,-2.094448666928844,3.6949773097386016,-0.13966552371106758,-0.7040747810293506,0.8577846754729531,1.5142194018303454,0.13345900965537086,-4.016992073572462,-3.347098348005229
1,-1.1245112280362206,-7.729876264069022,4.468005227278155,-10.787364932377406,6.4942122591587985,-9.756362104318518,-2.220595881217501,-13.067375846140044,8.43575764830079,-7.192430547092144,-11.947860998064455,4.730265684345152,-11.067259267462275,2.007616617522477,-8.963177365946247,0.5903821751295293,-12.114954582677775,-24.746282883861454,-10.018666360149064,3.910818363047856,-2.1940978730120086,4.284997588521835,0.47082466614206836,-1.8418536746283183,1.3129612495880767,-0.37320296716516815,0.30268695212654995,-6.091394262465041,-3.6048176308518265
1,-1.1225738990530816,-8.437520287821547,5.198899208879138,-12.29996660377515,6.713624676152261,-9.993751409178007,-2.126000701871906,-13.500776046155076,6.294083670081227,-7.743332508686022,-12.958821006752425,5.1917096274853565,-10.842684582861736,1.679058028962575,-9.778758561089928,0.3941876581179517,-11.297268245500131,-22.648636169697983,-10.020049058648523,3.81030281818705,-1.9650757803183254,1.6211053171213687,-1.553905972104796,-3.7769941933830165,1.1119718844148656,-2.711992382459646,-0.9596376003202116,-5.001031427600303,-3.1592210622593497
1,-1.119604731807184,-1.6542600792516249,1.8034951527222434,-2.745132731613661,2.7326909007184708,-2.641022626199686,-0.09477859550988257,-3.835391334711748,-0.054700045722040916,-1.9736997699465872,-4.370035775241246,3.4006658541772206,-6.53833982496737,-0.9881401189202834,-6.336352466985068,1.2295302064984486,-8.8080234202747,-11.604279574141007,-6.196688658167884,2.5093361718444482,-0.2906169199177616,3.54167535102722,0.31956734858686764,-0.05843432066216433,0.0704035771701907,-0.8408777200588328,-0.2609171569009483,1.04377260830029,0.009530569968176828
1,-1.1175621132053963,-1.0948179062224064,0.6500910810558808,-1.829288480027164,0.9777716558811922,-2.909250989546077,0.5608743965083542,1.233245581491488,0.16158387908595956,-2.2135401459946924,-3.816729600767279,4.266411966120832,-2.8747009181986445,0.47110260794493186,-4.752446904458189,0.7644056396209808,-3.310854561890449,-5.503910659160863,-2.641004496745425,1.5922639280549733,0.8666536154100696,0.19693506387912527,-1.2204510002674371,1.0010239720328382,0.15937840123020475,-0.36344369528559795,1.1051003675195146,1.0480956554276888,-0.6370110283653977
1,-1.115287857442581,-9.771689114276299,5.623941993039476,-13.279446652887827,5.522184173523454,-11.34017184752412,-1.2522606312532236,-17.250526229975748,0.537446534157593,-7.78251920844196,-15.291051087410663,4.720387390883843,-9.452880534453563,1.3233122748036539,-7.5563393003398,0.9077867525783712,-10.879591866677673,-22.076834825256256,-9.655085516257422,4.086730466380639,0.5541449137955786,-2.9715785117888585,0.7172975980719918,-1.217944128347314,1.094313565018144,-1.8194818177133136,0.25257013046318183,-8.378534703314829,-3.806693533785472
1,-1.1148877568917155,-10.673911060629854,5.960830474731896,-13.155940786914124,4.347719530202924,-10.970531115584022,-1.6810164215789976,-17.164829293498105,0.9643691450323268,-7.95506138915835,-16.78027661017302,4.582441274916822,-9.59124292910495,1.040082833051848,-8.553872277146093,-0.3567286615107349,-9.559401911299398,-21.7646133266238,-9.055359955489514,1.384012640798768,0.5145189592162358,-2.6918107875254047,0.8997266468223308,-0.8323632032131801,0.8944197205114909,-0.1033246136288866,0.23364715997904906,-9.32872765845278,-3.2453635466909505
1,-1.1123397481204134,-2.331321471422532,2.0307878303627698,-3.0153475626267303,2.553998101533654,-1.8063020359039597,-0.8181530280688881,-4.487488112381783,0.37491755499315077,-2.2067608490074826,-5.234819779952775,3.5140439897890077,-6.641544706959294,-1.1335352512925176,-7.558518138849514,0.6973839076119213,-7.825163460622256,-10.422121468746276,-5.478431905665574,1.1509765212588519,-0.3231548542389364,3.6410934449232073,-0.028772180644304087,-0.4843344196269666,-0.14265164693427942,-0.9899911678268214,-0.6119581524786635,0.48555429060657906,0.42751440555320946
1,-1.1021687709589343,-1.9620278828006712,2.0439039506074064,-3.6226774659530627,4.334009896786064,2.0265944505126297,-1.9862075602189504,-1.3490765745714928,-2.191610738356717,-3.591602292364996,-4.1927364580571576,4.014079526945595,-5.455282654256284,-0.970279766405995,-11.375472502419454,0.5757013784445091,-1.300715977942677,0.9838744430924016,0.46502741429589983,-1.7684752811313174,0.07107781062962568,-1.7396488080599453,0.9916655875394541,0.72242538114313,-0.42614604676671164,1.258695992858106,1.154388469061943,1.8318260293317794,-0.6151479106426243
1,-1.0914081719330218,-2.080967260221209,0.5831938117075036,-3.347774017253944,3.500305145631005,-0.11696251973305744,-2.1261948806172035,-6.159419815734535,1.355460583857675,-2.7234753468819517,-6.559409644214609,6.151265534702025,-9.41459605778724,-1.8275135625415924,-11.203463294449607,0.24494980367622438,-9.617198085138487,-15.897312355181482,-5.622893860460605,3.231387885692572,0.07635159443242617,1.403276191666054,0.22781825971902694,-1.629413603883845,-0.7892124726476688,-0.5850761382529028,-0.21999900142324616,4.7065528682982505,1.5494957190073848
1,-1.0905026812126415,-0.566523638350396,0.4911684794797518,-0.7506239527752724,0.6605601174486464,-1.688286529742094,-0.08714912417105929,-1.3111288301655146,0.38349528284718704,-0.8302968477487194,-2.7203026495789238,2.722579902131817,-2.381505684038695,0.923327832207611,-4.189247043436849,-0.5790467055684473,-3.213561691723786,-7.828893552202793,-2.0832330117336246,1.3309026574301108,0.21907560863889472,0.8734835650696733,1.159920866114152,0.28300928388287916,0.133748291719207,-0.49666236067517405,1.4674737586311524,1.0372043844602807,0.2446531049646776
1,-1.058831563923067,-0.1199383388794844,0.21523128496147206,1.3006956227928348,-0.886801881999226,-0.4936709420730119,-0.49969773056324374,0.04778182794449389,-0.0026401598889370884,1.0216824332640155,-1.3603790973285137,-0.4642371802204266,0.9229230945288783,0.9178530056569133,-0.5209187791422668,1.0203034477921773,-0.6396246506103649,-0.2445517835336034,0.4540122170152024,0.7055385680019614,-0.004500397303853165,0.3004269616507918,1.256864894654819,-0.4585370510572233,0.7450032578611298,0.3612574425211883,-1.1028969765875245,0.3051907505854464,0.11991127176254723
1,-1.0384264358289197,0.5115615566596071,0.029030591290256088,-0.23017379261421775,1.0551551788455948,0.13543897537082225,0.14333867266530242,-8.989668849284614E-4,0.12319679778329155,0.5283082155615567,-0.728235802596179,-0.9642019148764405,-0.5678345395851592,-1.1108437827132824,-1.440874495032759,0.4430067079462779,0.3194176711095617,1.3329951627773713,0.11094700439299578,-0.36720652096837664,0.0207590891853168,-0.45528535485884364,-1.397704660719041,-0.20566166045711873,-1.5623678361654039,0.8749477509192077,-0.9398203658639044,0.11551888131789523,0.196006507992216
1,-1.0375841188797288,-0.7756417279863072,1.3979800838614258,-0.9916550673148786,1.4578360195293634,-0.7251216690569688,-0.7632822075218523,-1.6649784130704905,-0.23038990992704414,-1.4219581376178587,-2.5309292921354984,3.368482818065799,-3.524350125370638,-0.9231253794438068,-4.644406893035693,0.5455106478029169,-3.31857227668841,-6.179708662410515,-1.1176841893341003,1.4251408006405881,0.22702448857785965,1.7805731362810895,0.14169161300314348,-0.02841864330368248,0.24716736269088402,-0.18531882140615014,-0.7654386950120199,-0.04767734796259176,-0.6311118435328189
1,-1.0267182302351674,-0.668528335157448,1.081868106153056,-0.9042493794027324,0.8576626707890086,-0.24390045944150712,-1.043423006039845,-1.3815544026887503,0.5590883240408007,-1.547207477717774,-3.5302554221592137,2.9024847455012384,-3.9592140163269587,-1.546543229092954,-4.8348223956714005,-0.27138597338434167,-2.34927043057791,-6.635179528150029,-0.9249517661523162,-0.2939780932048181,0.3287797982181355,0.7263509599789112,-0.03056351752242085,-0.4797044411586849,-0.3738424184798273,0.6989764600373987,-0.9852260583798998,1.4157118520951126,0.8889464686285163
1,-1.0084399524377268,-0.24584317553146243,0.6416390918171201,0.4267874049988145,0.6395987874644511,0.5936400052824683,-0.06844232163530438,0.4075162438096732,0.13485513261144527,-0.6963706299553939,-0.5056219250470716,1.4502495596987826,-0.10544351577693843,-0.8086644297232853,-0.8553171735886186,1.0017123752866677,0.22955803615116763,1.0300882954819934,1.123246306260368,0.33499433344188945,-0.05514830385900187,0.09616158465599269,0.2652483071819461,-0.2796968218765721,-0.7246940781206652,0.458986153781078,-0.45170382707982565,-0.18049184965228396,0.03169906531766474
1,-0.9953840397252692,0.6007659906296581,0.33736388727383065,-0.3236925733947275,0.5342484710356589,0.18054163061638687,-0.5868714897556404,0.18490979498360016,-0.034194374832175224,-0.393317587468843,-0.5379800578361351,2.2356365796193676,0.6550910309722335,-0.3118537261651364,-1.0887876442334836,0.5612829828540166,0.4555516584280915,1.3459109856966807,0.3054421409584992,-0.6279920779493494,-0.13330996131790895,-0.08463454962585593,-0.17661303458963287,-0.06433725309698944,0.18169086667319292,0.8400357235065252,0.7648047326557635,-0.04530700682217887,0.09444119538472515
1,-0.9894667631572038,-0.452999624285523,0.8417590550763073,0.8044082011629261,1.1734338356600909,0.7311950727414478,-0.550871169408663,0.6918073385505473,6.434142108058513E-5,-1.1611109361870158,-0.39802982960569633,0.13831433266772303,-0.46071719778276876,-0.36961529366333523,-1.218805359841045,0.16618074602210323,1.0068250675719608,0.7085595817284205,-0.36280309780308595,-2.692455871360876,-0.3480855252178076,-0.11399834737787333,-0.47806272604472966,-0.08106007060949176,0.38148427113889083,-0.8647220980261375,-0.7801430260946386,0.08548476762059092,0.47798726722055374
1,-0.9778006734109111,-1.4248133543104597,-0.8867340580028714,0.6800747990724307,1.3570182229467416,-0.0652158604351859,-0.3631934980004501,0.6311022488428006,-0.2920212335878796,0.5544481426419426,0.20749804714749073,-1.0429337477621525,-0.7880034280388614,-1.5839577720589735,-0.13223155077465923,0.40096854157992134,-0.7250449945423609,0.38501438301811425,0.052275599873915064,1.7242093299506507,-1.7858068579481516,-0.5345882553140754,0.6063382459474272,1.245332276303343,0.691083458700119,0.46916152648860143,-0.3304687720001192,0.1499870336848202,1.0814210479535913
1,-0.9745788110802562,0.6350402296126382,0.31764305004421606,-0.3554049749264753,0.8540327248070901,0.3474295043100711,-0.14818987056573768,0.03974343270035349,0.031641986545896686,0.11661667000423247,-0.5077871113680179,-0.6547971726322672,-0.8194595602060823,-0.8880302693843353,-1.0375413665783007,1.6462635598185948,0.7121282221256008,0.8309957741728443,0.6253848397915395,-0.8989124373827331,-0.22251315023798637,-0.0703312293896283,-0.11587346814968998,-0.3088214396841118,-1.5147329935707445,1.308234604137072,-0.4031688609647413,0.11375998251308966,0.12159377006516288
1,-0.9671874798511069,-1.0920809185481706,0.8444031158136109,-0.4036497603510682,0.7411202681084171,-0.8419537747584757,-0.5766249209275754,-1.6144622444518588,0.4814301966645354,-0.892777034085359,-2.291981599332072,2.50373373342442,-3.533264169800366,-1.0210608981758675,-3.6044423766800366,-0.06157817042757255,-2.8162433447080772,-8.406955032278631,-1.5167243343274461,-0.0021152836535567343,0.03298188076802319,0.9488540756247569,1.0197089063365226,-0.24839933434757372,-0.08355944842231303,0.5148284181650731,-0.9734702793109261,-1.0054058718157706,-0.4610082686977305
1,-0.9288199428154655,-4.3201499386006335,4.158042024555799,-7.807585111523445,2.9622935380426374,-5.015849036537026,-2.4177904393808816,-6.1058514756039415,5.036726359850276,-2.244743981124974,-5.736561965679813,2.884248861574445,-6.517605798380567,-0.7014922634738218,-7.86949062436191,1.0121716419975926,-4.941840958070364,-8.641693814569564,-3.043399828408941,0.7934568720311217,1.0567974315074171,1.2501239917844174,-0.9857600306961176,0.3374877598382671,-0.09941694200713971,0.977473480667942,-0.5335332477399438,2.89874721256525,0.6946771989097652
